,time,ir_16,ir
0,0.0,373415.0,293182.0
1,0.014991998672485352,373429.0,293120.0
2,0.02998518943786621,373395.0,293141.0
3,0.04497814178466797,373412.0,293138.0
4,0.05996990203857422,373361.0,293148.0
5,0.07496309280395508,373398.0,293106.0
6,0.09024190902709961,373371.0,293083.0
7,0.10552191734313965,373373.0,293091.0
8,0.12080121040344238,373329.0,293136.0
9,0.13608002662658691,373346.0,293130.0
10,0.15136003494262695,373420.0,293082.0
11,0.166640043258667,373345.0,293091.0
12,0.18138718605041504,373351.0,293126.0
13,0.19613409042358398,373390.0,293121.0
14,0.21088123321533203,373369.0,293091.0
15,0.22562789916992188,373332.0,293141.0
16,0.24037480354309082,373387.0,293136.0
17,0.25512194633483887,373331.0,293127.0
18,0.2726559638977051,373346.0,293170.0
19,0.2901890277862549,373436.0,293185.0
20,0.3077220916748047,373417.0,293167.0
21,0.3252561092376709,373404.0,293198.0
22,0.3427889347076416,373480.0,293198.0
23,0.3603219985961914,373604.0,293220.0
24,0.37528109550476074,373465.0,293255.0
25,0.39023900032043457,373519.0,293276.0
26,0.4051969051361084,373598.0,293311.0
27,0.42015504837036133,373575.0,293319.0
28,0.43511295318603516,373584.0,293374.0
29,0.4500718116760254,373580.0,293363.0
30,0.46500587463378906,373591.0,293356.0
31,0.47993993759155273,373579.0,293403.0
32,0.4948749542236328,373716.0,293406.0
33,0.5098090171813965,373745.0,293464.0
34,0.5247430801391602,373685.0,293475.0
35,0.5396780967712402,373667.0,293469.0
36,0.554847002029419,373690.0,293364.0
37,0.5700170993804932,373533.0,293339.0
38,0.5851869583129883,373520.0,293270.0
39,0.6003570556640625,373469.0,293290.0
40,0.6155269145965576,373445.0,293214.0
41,0.6306960582733154,373422.0,293204.0
42,0.6460750102996826,373389.0,293180.0
43,0.6614530086517334,373363.0,293163.0
44,0.6768321990966797,373341.0,293130.0
45,0.6922111511230469,373309.0,293109.0
46,0.7075889110565186,373307.0,293087.0
47,0.7229678630828857,373205.0,293099.0
48,0.7399320602416992,373277.0,293065.0
49,0.7568972110748291,373226.0,293021.0
50,0.7738618850708008,373271.0,293012.0
51,0.7908270359039307,373233.0,293022.0
52,0.8077919483184814,373240.0,293005.0
53,0.8247570991516113,373197.0,292953.0
54,0.8397960662841797,373191.0,292936.0
55,0.854835033416748,373155.0,292897.0
56,0.8698749542236328,373181.0,292870.0
57,0.8849139213562012,373234.0,292896.0
58,0.8999528884887695,373179.0,292938.0
59,0.9149930477142334,373203.0,292916.0
60,0.930217981338501,373152.0,292870.0
61,0.945443868637085,373202.0,292911.0
62,0.9606690406799316,373119.0,292914.0
63,0.9758942127227783,373164.0,292902.0
64,0.9911201000213623,373148.0,292918.0
65,1.0063450336456299,373224.0,292949.0
66,1.0235610008239746,373199.0,292892.0
67,1.0407769680023193,373235.0,292944.0
68,1.0579931735992432,373222.0,292946.0
69,1.075209140777588,373269.0,292964.0
70,1.0924251079559326,373321.0,292970.0
71,1.1096410751342773,373267.0,293023.0
72,1.1271131038665771,373241.0,293026.0
73,1.1445860862731934,373323.0,293047.0
74,1.1620581150054932,373280.0,293056.0
75,1.1795310974121094,373408.0,293062.0
76,1.1970031261444092,373349.0,293043.0
77,1.2144761085510254,373377.0,293074.0
78,1.2270419597625732,373382.0,293126.0
79,1.239607810974121,373416.0,293151.0
80,1.2521748542785645,373493.0,293135.0
81,1.2647409439086914,373482.0,293175.0
82,1.2773070335388184,373453.0,293135.0
83,1.2898740768432617,373315.0,293114.0
84,1.304858922958374,373348.0,293061.0
85,1.3198449611663818,373266.0,292995.0
86,1.3348309993743896,373283.0,292955.0
87,1.3498170375823975,373217.0,292956.0
88,1.3648028373718262,373262.0,292948.0
89,1.379788875579834,373153.0,292919.0
90,1.3971989154815674,373117.0,292859.0
91,1.4146101474761963,373120.0,292869.0
92,1.4320201873779297,373116.0,292857.0
93,1.449430227279663,373062.0,292797.0
94,1.4668409824371338,373113.0,292885.0
95,1.4842510223388672,373046.0,292842.0
96,1.4993228912353516,373033.0,292854.0
97,1.514394998550415,373076.0,292822.0
98,1.5294671058654785,373052.0,292815.0
99,1.544538974761963,373057.0,292828.0
100,1.5596110820770264,373027.0,292796.0
101,1.5746819972991943,373094.0,292851.0
102,1.5896179676055908,373024.0,292819.0
103,1.604552984237671,372994.0,292801.0
104,1.6194891929626465,373099.0,292817.0
105,1.6344239711761475,373072.0,292824.0
106,1.649359941482544,373099.0,292828.0
107,1.664294958114624,373085.0,292842.0
108,1.6794579029083252,373104.0,292866.0
109,1.694620132446289,373048.0,292880.0
110,1.7097821235656738,373128.0,292941.0
111,1.7249438762664795,373120.0,292936.0
112,1.7401061058044434,373162.0,292984.0
113,1.7552690505981445,373168.0,292987.0
114,1.7728631496429443,373199.0,293010.0
115,1.790457010269165,373280.0,293007.0
116,1.8080520629882812,373283.0,293055.0
117,1.825645923614502,373327.0,293082.0
118,1.8432400226593018,373301.0,293075.0
119,1.8608348369598389,373345.0,293118.0
120,1.8755390644073486,373396.0,293163.0
121,1.8902428150177002,373344.0,293146.0
122,1.90494704246521,373430.0,293134.0
123,1.919651985168457,373421.0,293201.0
124,1.9343559741973877,373470.0,293220.0
125,1.9490599632263184,373439.0,293273.0
126,1.9640579223632812,373544.0,293292.0
127,1.9790549278259277,373445.0,293260.0
128,1.9940519332885742,373419.0,293218.0
129,2.0090489387512207,373373.0,293173.0
130,2.024045944213867,373240.0,293166.0
131,2.0390429496765137,373275.0,293129.0
132,2.054224967956543,373305.0,293095.0
133,2.069406032562256,373299.0,293082.0
134,2.0845870971679688,373213.0,293098.0
135,2.0997679233551025,373283.0,293060.0
136,2.1149489879608154,373202.0,293049.0
137,2.1301300525665283,373131.0,293059.0
138,2.147747039794922,373200.0,293058.0
139,2.1653640270233154,373147.0,293024.0
140,2.1829800605773926,373098.0,293025.0
141,2.200597047805786,373157.0,293063.0
142,2.2182130813598633,373186.0,293046.0
143,2.235830068588257,373079.0,293041.0
144,2.2505829334259033,373183.0,293085.0
145,2.2653369903564453,373181.0,293058.0
146,2.2800910472869873,373164.0,293074.0
147,2.294843912124634,373183.0,293133.0
148,2.309597969055176,373247.0,293103.0
149,2.3243520259857178,373177.0,293145.0
150,2.3394341468811035,373285.0,293186.0
151,2.35451602935791,373319.0,293169.0
152,2.3695991039276123,373279.0,293169.0
153,2.384680986404419,373288.0,293191.0
154,2.399764060974121,373332.0,293234.0
155,2.414846181869507,373408.0,293189.0
156,2.4323229789733887,373361.0,293258.0
157,2.449799060821533,373388.0,293262.0
158,2.4672751426696777,373406.0,293262.0
159,2.484750986099243,373425.0,293306.0
160,2.502228021621704,373458.0,293324.0
161,2.5197038650512695,373441.0,293362.0
162,2.534619092941284,373521.0,293433.0
163,2.5495340824127197,373536.0,293381.0
164,2.5644490718841553,373637.0,293477.0
165,2.579364061355591,373597.0,293429.0
166,2.5942790508270264,373660.0,293461.0
167,2.609194040298462,373707.0,293552.0
168,2.6242690086364746,373675.0,293548.0
169,2.6393449306488037,373777.0,293571.0
170,2.654421091079712,373727.0,293630.0
171,2.669497013092041,373756.0,293644.0
172,2.68457293510437,373722.0,293671.0
173,2.6996490955352783,373840.0,293704.0
174,2.714853048324585,373744.0,293635.0
175,2.730056047439575,373708.0,293591.0
176,2.745260000228882,373709.0,293600.0
177,2.760464906692505,373600.0,293539.0
178,2.7756690979003906,373577.0,293518.0
179,2.7908730506896973,373616.0,293487.0
180,2.8055801391601562,373555.0,293456.0
181,2.820286989212036,373505.0,293475.0
182,2.834994077682495,373581.0,293429.0
183,2.849700927734375,373470.0,293427.0
184,2.864408016204834,373428.0,293422.0
185,2.8791160583496094,373402.0,293415.0
186,2.896712064743042,373466.0,293404.0
187,2.914309024810791,373353.0,293398.0
188,2.9319050312042236,373432.0,293404.0
189,2.9495010375976562,373425.0,293367.0
190,2.9670979976654053,373356.0,293404.0
191,2.984694242477417,373475.0,293394.0
192,3.00219988822937,373402.0,293419.0
193,3.0197060108184814,373493.0,293418.0
194,3.0372121334075928,373393.0,293415.0
195,3.0547170639038086,373486.0,293430.0
196,3.07222318649292,373393.0,293498.0
197,3.089729070663452,373444.0,293472.0
198,3.102139949798584,373471.0,293477.0
199,3.1145520210266113,373514.0,293495.0
200,3.1269631385803223,373530.0,293543.0
201,3.139374017715454,373529.0,293551.0
202,3.1517860889434814,373543.0,293580.0
203,3.1641969680786133,373435.0,293584.0
204,3.179260015487671,373591.0,293584.0
205,3.1943209171295166,373592.0,293614.0
206,3.209383010864258,373598.0,293608.0
207,3.2244460582733154,373659.0,293637.0
208,3.239506959915161,373667.0,293659.0
209,3.2545690536499023,373703.0,293694.0
210,3.270003080368042,373761.0,293754.0
211,3.2854371070861816,373815.0,293734.0
212,3.3008711338043213,373786.0,293745.0
213,3.3163039684295654,373896.0,293727.0
214,3.331737995147705,373865.0,293790.0
215,3.3471720218658447,373869.0,293814.0
216,3.3642148971557617,373895.0,293859.0
217,3.381258010864258,373957.0,293892.0
218,3.398301124572754,373900.0,293918.0
219,3.415343999862671,373991.0,293868.0
220,3.432386875152588,374029.0,293957.0
221,3.449430227279663,373967.0,294023.0
222,3.46448016166687,374066.0,293977.0
223,3.4795291423797607,374047.0,294026.0
224,3.4945781230926514,373998.0,294003.0
225,3.509627103805542,373931.0,293916.0
226,3.5246758460998535,373919.0,293899.0
227,3.5397260189056396,373856.0,293865.0
228,3.557238817214966,373791.0,293908.0
229,3.5747530460357666,373873.0,293867.0
230,3.592266082763672,373775.0,293867.0
231,3.6097800731658936,373772.0,293870.0
232,3.627293109893799,373762.0,293803.0
233,3.6448071002960205,373672.0,293837.0
234,3.65968918800354,373632.0,293806.0
235,3.674572229385376,373645.0,293802.0
236,3.689455032348633,373635.0,293814.0
237,3.7043380737304688,373658.0,293819.0
238,3.7192211151123047,373684.0,293818.0
239,3.734102964401245,373633.0,293817.0
240,3.7491841316223145,373710.0,293832.0
241,3.7642650604248047,373669.0,293803.0
242,3.7793450355529785,373723.0,293771.0
243,3.7944259643554688,373703.0,293828.0
244,3.809506893157959,373689.0,293809.0
245,3.8245880603790283,373694.0,293821.0
246,3.8398098945617676,373706.0,293824.0
247,3.8550310134887695,373676.0,293839.0
248,3.8702540397644043,373689.0,293857.0
249,3.8854758739471436,373760.0,293901.0
250,3.9006969928741455,373616.0,293914.0
251,3.9159200191497803,373739.0,293912.0
252,3.930710792541504,373704.0,293926.0
253,3.9455020427703857,373849.0,293928.0
254,3.960294008255005,373812.0,293971.0
255,3.9750850200653076,373892.0,293960.0
256,3.9898769855499268,373840.0,294022.0
257,4.0046679973602295,373935.0,294048.0
258,4.022209167480469,373922.0,294052.0
259,4.039750099182129,373987.0,294096.0
260,4.057291030883789,374057.0,294110.0
261,4.074831008911133,373957.0,294144.0
262,4.092372179031372,374061.0,294191.0
263,4.109912872314453,374080.0,294224.0
264,4.124891042709351,374087.0,294226.0
265,4.1398701667785645,374101.0,294248.0
266,4.154848098754883,374197.0,294294.0
267,4.169825792312622,374188.0,294299.0
268,4.184804916381836,374171.0,294334.0
269,4.19978404045105,374293.0,294379.0
270,4.214699983596802,374289.0,294384.0
271,4.229618072509766,374297.0,294441.0
272,4.244534015655518,374368.0,294445.0
273,4.259450912475586,374443.0,294468.0
274,4.274368047714233,374386.0,294492.0
275,4.289284944534302,374303.0,294448.0
276,4.3043859004974365,374296.0,294411.0
277,4.319486141204834,374229.0,294401.0
278,4.334585905075073,374208.0,294384.0
279,4.349686145782471,374211.0,294356.0
280,4.364786148071289,374173.0,294344.0
281,4.379886865615845,374094.0,294393.0
282,4.397447109222412,374148.0,294330.0
283,4.4150071144104,374063.0,294373.0
284,4.432567834854126,374078.0,294332.0
285,4.450128078460693,374072.0,294315.0
286,4.467688083648682,374047.0,294327.0
287,4.485249042510986,374068.0,294279.0
288,4.500064134597778,374094.0,294280.0
289,4.514878988265991,374164.0,294295.0
290,4.529694080352783,374106.0,294327.0
291,4.544508934020996,374118.0,294345.0
292,4.559324026107788,374114.0,294346.0
293,4.5741400718688965,374053.0,294333.0
294,4.589221000671387,374089.0,294326.0
295,4.604301929473877,374058.0,294299.0
296,4.619382858276367,374040.0,294272.0
297,4.6344640254974365,374086.0,294338.0
298,4.649544954299927,374080.0,294350.0
299,4.6646270751953125,374027.0,294339.0
300,4.684624910354614,374047.0,294334.0
301,4.704622983932495,374124.0,294390.0
302,4.724620819091797,374103.0,294382.0
303,4.744619846343994,374185.0,294378.0
304,4.764618158340454,374276.0,294399.0
305,4.784615993499756,374167.0,294389.0
306,4.797037839889526,374227.0,294447.0
307,4.80945897102356,374273.0,294457.0
308,4.821879863739014,374275.0,294457.0
309,4.834300994873047,374257.0,294429.0
310,4.846721887588501,374300.0,294465.0
311,4.859143018722534,374298.0,294469.0
312,4.874151945114136,374309.0,294478.0
313,4.88916015625,374320.0,294500.0
314,4.904168128967285,374378.0,294529.0
315,4.919177055358887,374378.0,294517.0
316,4.934185028076172,374353.0,294534.0
317,4.949193000793457,374429.0,294533.0
318,4.9642720222473145,374425.0,294551.0
319,4.9793500900268555,374544.0,294616.0
320,4.994426965713501,374591.0,294585.0
321,5.009505033493042,374491.0,294598.0
322,5.024584054946899,374575.0,294620.0
323,5.039661884307861,374583.0,294665.0
324,5.054574012756348,374612.0,294695.0
325,5.069485902786255,374548.0,294641.0
326,5.084398031234741,374465.0,294557.0
327,5.099310874938965,374413.0,294545.0
328,5.114223003387451,374287.0,294495.0
329,5.129136085510254,374392.0,294447.0
330,5.146667957305908,374338.0,294424.0
331,5.164201021194458,374323.0,294465.0
332,5.181734085083008,374331.0,294416.0
333,5.1992669105529785,374191.0,294465.0
334,5.216800212860107,374285.0,294429.0
335,5.234333038330078,374267.0,294402.0
336,5.249624013900757,374255.0,294371.0
337,5.264916181564331,374209.0,294350.0
338,5.280207872390747,374274.0,294370.0
339,5.295500040054321,374202.0,294386.0
340,5.310791969299316,374211.0,294404.0
341,5.326082944869995,374198.0,294330.0
342,5.340800046920776,374158.0,294339.0
343,5.355517148971558,374091.0,294302.0
344,5.370233058929443,374124.0,294289.0
345,5.384950160980225,374120.0,294302.0
346,5.399667024612427,374104.0,294301.0
347,5.414383888244629,374166.0,294280.0
348,5.42952299118042,374113.0,294304.0
349,5.444662809371948,374162.0,294300.0
350,5.459803104400635,374152.0,294337.0
351,5.474941968917847,374194.0,294310.0
352,5.490081787109375,374169.0,294314.0
353,5.5052220821380615,374209.0,294314.0
354,5.52053689956665,374207.0,294310.0
355,5.535851955413818,374251.0,294354.0
356,5.551168203353882,374226.0,294317.0
357,5.566483020782471,374203.0,294351.0
358,5.581798076629639,374241.0,294323.0
359,5.597114086151123,374121.0,294326.0
360,5.6141180992126465,374290.0,294322.0
361,5.631123065948486,374272.0,294328.0
362,5.648128032684326,374222.0,294343.0
363,5.6651318073272705,374253.0,294381.0
364,5.6821370124816895,374232.0,294345.0
365,5.699141025543213,374307.0,294355.0
366,5.714139938354492,374287.0,294325.0
367,5.729139089584351,374440.0,294323.0
368,5.7441370487213135,374361.0,294385.0
369,5.759135007858276,374368.0,294408.0
370,5.774134159088135,374405.0,294386.0
371,5.789132833480835,374387.0,294412.0
372,5.806714057922363,374310.0,294349.0
373,5.8242950439453125,374240.0,294307.0
374,5.841877222061157,374200.0,294249.0
375,5.859457969665527,374200.0,294268.0
376,5.877038955688477,374153.0,294207.0
377,5.894621133804321,374109.0,294194.0
378,5.90753698348999,374153.0,294162.0
379,5.920454025268555,374094.0,294165.0
380,5.933371067047119,374111.0,294152.0
381,5.9462878704071045,374061.0,294137.0
382,5.959204912185669,374029.0,294102.0
383,5.972121000289917,374058.0,294089.0
384,5.989128112792969,374054.0,294097.0
385,6.006134033203125,374103.0,294094.0
386,6.023140907287598,374029.0,294079.0
387,6.040148019790649,374051.0,294066.0
388,6.057153940200806,374071.0,294027.0
389,6.074161052703857,374014.0,294041.0
390,6.08926796913147,373964.0,294042.0
391,6.104374885559082,374024.0,294024.0
392,6.119482040405273,373959.0,294004.0
393,6.134590148925781,373971.0,293974.0
394,6.1496970653533936,374022.0,294013.0
395,6.164803981781006,373976.0,294014.0
396,6.1800079345703125,373980.0,293975.0
397,6.195212125778198,374013.0,294016.0
398,6.210416078567505,374013.0,294031.0
399,6.225619077682495,374008.0,294013.0
400,6.240822792053223,374029.0,294018.0
401,6.256026029586792,374164.0,293998.0
402,6.273258209228516,374087.0,294007.0
403,6.290488958358765,374118.0,294021.0
404,6.307719945907593,374129.0,294024.0
405,6.324951887130737,374090.0,294028.0
406,6.3421831130981445,374020.0,294057.0
407,6.35941481590271,374149.0,294033.0
408,6.374561071395874,374162.0,294115.0
409,6.389707088470459,374109.0,294099.0
410,6.404853105545044,374232.0,294102.0
411,6.419999122619629,374227.0,294069.0
412,6.435145139694214,374265.0,294161.0
413,6.450292110443115,374250.0,294130.0
414,6.465461015701294,374277.0,294125.0
415,6.480630159378052,374313.0,294188.0
416,6.495798826217651,374367.0,294202.0
417,6.510967969894409,374381.0,294197.0
418,6.526136875152588,374352.0,294219.0
419,6.541306018829346,374356.0,294191.0
420,6.556033134460449,374238.0,294114.0
421,6.570759057998657,374187.0,294088.0
422,6.585485935211182,374074.0,294021.0
423,6.600213050842285,374073.0,293961.0
424,6.614938974380493,374008.0,293962.0
425,6.629665851593018,374093.0,293894.0
426,6.645151138305664,374017.0,293839.0
427,6.660635948181152,373982.0,293824.0
428,6.67612099647522,373916.0,293782.0
429,6.6916069984436035,373955.0,293753.0
430,6.707092046737671,373890.0,293757.0
431,6.722578048706055,373841.0,293722.0
432,6.739872217178345,373853.0,293653.0
433,6.757165908813477,373819.0,293660.0
434,6.774460077285767,373781.0,293663.0
435,6.7917540073394775,373796.0,293640.0
436,6.8090479373931885,373830.0,293641.0
437,6.826343059539795,373734.0,293582.0
438,6.841067790985107,373722.0,293602.0
439,6.855792999267578,373692.0,293569.0
440,6.870518922805786,373685.0,293575.0
441,6.885245084762573,373713.0,293569.0
442,6.899969816207886,373666.0,293582.0
443,6.9146950244903564,373721.0,293552.0
444,6.929692029953003,373751.0,293579.0
445,6.944689035415649,373831.0,293558.0
446,6.959686040878296,373743.0,293571.0
447,6.974683046340942,373766.0,293601.0
448,6.989680051803589,373814.0,293616.0
449,7.004677057266235,373797.0,293543.0
450,7.019979238510132,373798.0,293618.0
451,7.03528094291687,373778.0,293632.0
452,7.0505828857421875,373809.0,293603.0
453,7.065884113311768,373810.0,293661.0
454,7.081185817718506,373856.0,293661.0
455,7.096487045288086,373903.0,293693.0
456,7.113631010055542,373854.0,293683.0
457,7.130774974822998,373936.0,293704.0
458,7.147917985916138,373883.0,293745.0
459,7.165061950683594,374005.0,293755.0
460,7.182206153869629,374033.0,293739.0
461,7.199350118637085,374053.0,293729.0
462,7.214415073394775,373942.0,293748.0
463,7.229480028152466,374122.0,293774.0
464,7.244545936584473,374106.0,293811.0
465,7.259612083435059,374137.0,293824.0
466,7.274677038192749,374152.0,293841.0
467,7.2897419929504395,374165.0,293858.0
468,7.305048942565918,374098.0,293860.0
469,7.32035493850708,374112.0,293790.0
470,7.335660934448242,374028.0,293695.0
471,7.350966930389404,373929.0,293667.0
472,7.3662731647491455,373907.0,293605.0
473,7.381580114364624,373831.0,293516.0
474,7.396695852279663,373757.0,293501.0
475,7.41181206703186,373749.0,293459.0
476,7.4269280433654785,373783.0,293413.0
477,7.442044019699097,373704.0,293394.0
478,7.457159042358398,373628.0,293312.0
479,7.472275018692017,373686.0,293299.0
480,7.4893410205841064,373633.0,293251.0
481,7.506407022476196,373603.0,293228.0
482,7.52347207069397,373568.0,293263.0
483,7.54053807258606,373550.0,293234.0
484,7.557602882385254,373434.0,293235.0
485,7.574668884277344,373510.0,293168.0
486,7.589890956878662,373508.0,293164.0
487,7.6051130294799805,373441.0,293119.0
488,7.620336055755615,373473.0,293152.0
489,7.63555908203125,373414.0,293126.0
490,7.650781154632568,373461.0,293141.0
491,7.666002988815308,373457.0,293100.0
492,7.680810213088989,373465.0,293095.0
493,7.695617198944092,373455.0,293054.0
494,7.710424900054932,373482.0,293106.0
495,7.725231885910034,373499.0,293133.0
496,7.740039110183716,373454.0,293116.0
497,7.754846096038818,373496.0,293152.0
498,7.7702391147613525,373526.0,293166.0
499,7.785633087158203,373458.0,293138.0
500,7.801025867462158,373447.0,293189.0
501,7.816419839859009,373544.0,293210.0
502,7.831812858581543,373479.0,293177.0
503,7.847207069396973,373540.0,293168.0
504,7.864284038543701,373623.0,293211.0
505,7.881361961364746,373547.0,293218.0
506,7.89844012260437,373664.0,293259.0
507,7.915518045425415,373783.0,293267.0
508,7.93259596824646,373696.0,293322.0
509,7.949674129486084,373723.0,293322.0
510,7.964623928070068,373773.0,293312.0
511,7.979574918746948,373771.0,293366.0
512,7.994524955749512,373828.0,293360.0
513,8.009474992752075,373813.0,293386.0
514,8.024425983428955,373835.0,293394.0
515,8.039376020431519,373770.0,293392.0
516,8.054478883743286,373879.0,293497.0
517,8.069581985473633,373849.0,293479.0
518,8.0846848487854,373728.0,293410.0
519,8.099788188934326,373756.0,293355.0
520,8.114891052246094,373700.0,293279.0
521,8.129992961883545,373583.0,293195.0
522,8.14529800415039,373525.0,293130.0
523,8.160603046417236,373592.0,293089.0
524,8.175906896591187,373464.0,293064.0
525,8.191211938858032,373482.0,292980.0
526,8.206517219543457,373511.0,292975.0
527,8.221822023391724,373425.0,292935.0
528,8.238881826400757,373413.0,292930.0
529,8.255943059921265,373349.0,292922.0
530,8.273003101348877,373324.0,292896.0
531,8.290064096450806,373232.0,292849.0
532,8.307124137878418,373235.0,292852.0
533,8.324184894561768,373292.0,292830.0
534,8.33927607536316,373272.0,292860.0
535,8.354367017745972,373247.0,292826.0
536,8.369457960128784,373193.0,292821.0
537,8.384548902511597,373210.0,292863.0
538,8.39963984489441,373249.0,292811.0
539,8.4147310256958,373365.0,292816.0
540,8.42992115020752,373238.0,292775.0
541,8.44511079788208,373246.0,292779.0
542,8.460300922393799,373215.0,292761.0
543,8.475490808486938,373223.0,292806.0
544,8.490680932998657,373236.0,292774.0
545,8.505871057510376,373288.0,292814.0
546,8.521106958389282,373280.0,292827.0
547,8.536342859268188,373237.0,292809.0
548,8.551578998565674,373315.0,292877.0
549,8.56681513786316,373227.0,292848.0
550,8.582051038742065,373298.0,292903.0
551,8.597288131713867,373335.0,292891.0
552,8.614269018173218,373332.0,292890.0
553,8.631251096725464,373395.0,292918.0
554,8.64823317527771,373456.0,292935.0
555,8.66521406173706,373427.0,292965.0
556,8.682196140289307,373457.0,292995.0
557,8.699177026748657,373559.0,293011.0
558,8.71429705619812,373493.0,293066.0
559,8.729414939880371,373558.0,293048.0
560,8.744534015655518,373582.0,293070.0
561,8.75965404510498,373616.0,293076.0
562,8.77477216720581,373512.0,293098.0
563,8.789891004562378,373619.0,293148.0
564,8.80481219291687,373659.0,293171.0
565,8.8197340965271,373600.0,293177.0
566,8.834655046463013,373753.0,293266.0
567,8.84957504272461,373802.0,293305.0
568,8.864496946334839,373844.0,293314.0
569,8.879417896270752,373833.0,293290.0
570,8.89688515663147,373833.0,293311.0
571,8.914352893829346,373765.0,293251.0
572,8.931819915771484,373664.0,293131.0
573,8.949288129806519,373648.0,293075.0
574,8.966754913330078,373530.0,293029.0
575,8.984223127365112,373522.0,293002.0
576,8.999317169189453,373497.0,292962.0
577,9.01441216468811,373476.0,292950.0
578,9.029505968093872,373357.0,292958.0
579,9.044600009918213,373377.0,292882.0
580,9.05969500541687,373411.0,292884.0
581,9.074789047241211,373326.0,292835.0
582,9.089707136154175,373394.0,292839.0
583,9.104624032974243,373312.0,292819.0
584,9.11954116821289,373402.0,292817.0
585,9.134458065032959,373324.0,292814.0
586,9.149375200271606,373354.0,292825.0
587,9.164293050765991,373335.0,292814.0
588,9.179370164871216,373318.0,292846.0
589,9.194447994232178,373311.0,292819.0
590,9.209526062011719,373280.0,292817.0
591,9.224602937698364,373334.0,292814.0
592,9.239681243896484,373307.0,292823.0
593,9.254759073257446,373306.0,292829.0
594,9.27005410194397,373371.0,292856.0
595,9.28535008430481,373364.0,292868.0
596,9.300644874572754,373359.0,292891.0
597,9.315940856933594,373411.0,292902.0
598,9.331235885620117,373441.0,292911.0
599,9.346531867980957,373424.0,292922.0
600,9.363670110702515,373531.0,292947.0
601,9.380808115005493,373550.0,292930.0
602,9.397947072982788,373487.0,292992.0
603,9.415084838867188,373557.0,293004.0
604,9.432223081588745,373625.0,293025.0
605,9.44936203956604,373569.0,293066.0
606,9.464332103729248,373577.0,293114.0
607,9.479303121566772,373635.0,293100.0
608,9.49427318572998,373631.0,293114.0
609,9.50924301147461,373675.0,293158.0
610,9.524214029312134,373698.0,293176.0
611,9.539185047149658,373748.0,293195.0
612,9.554276943206787,373773.0,293170.0
613,9.569370031356812,373789.0,293220.0
614,9.58446192741394,373809.0,293275.0
615,9.599555015563965,373820.0,293290.0
616,9.61464786529541,373936.0,293305.0
617,9.629739999771118,374016.0,293371.0
618,9.64514708518982,373886.0,293338.0
619,9.660552024841309,373827.0,293279.0
620,9.675958156585693,373754.0,293250.0
621,9.691364049911499,373725.0,293082.0
622,9.7067711353302,373664.0,293073.0
623,9.722177028656006,373641.0,293057.0
624,9.739197015762329,373621.0,293048.0
625,9.756217956542969,373467.0,293035.0
626,9.773238182067871,373606.0,293019.0
627,9.79025912284851,373559.0,292991.0
628,9.80728006362915,373539.0,293003.0
629,9.824299812316895,373541.0,292969.0
630,9.839369058609009,373505.0,292975.0
631,9.85443902015686,373569.0,293018.0
632,9.869508028030396,373551.0,292999.0
633,9.88457703590393,373512.0,293014.0
634,9.899646043777466,373563.0,293023.0
635,9.914715051651001,373604.0,293012.0
636,9.92991590499878,373549.0,293003.0
637,9.94511604309082,373520.0,292975.0
638,9.960318088531494,373528.0,292964.0
639,9.975519180297852,373546.0,293010.0
640,9.99072003364563,373530.0,293003.0
641,10.005921125411987,373567.0,293049.0
642,10.021127939224243,373585.0,293062.0
643,10.036335945129395,373579.0,293127.0
644,10.051543951034546,373586.0,293141.0
645,10.066752195358276,373710.0,293157.0
646,10.081959962844849,373704.0,293155.0
647,10.097167015075684,373728.0,293238.0
648,10.1142737865448,373835.0,293203.0
649,10.131380081176758,373815.0,293227.0
650,10.148484945297241,373775.0,293298.0
651,10.16559100151062,373864.0,293297.0
652,10.182697057723999,373937.0,293344.0
653,10.199804067611694,373908.0,293400.0
654,10.217287063598633,373920.0,293433.0
655,10.234770059585571,373971.0,293421.0
656,10.25225305557251,374027.0,293467.0
657,10.269737005233765,374007.0,293469.0
658,10.287220001220703,374060.0,293513.0
659,10.304702997207642,374059.0,293511.0
660,10.317137002944946,374109.0,293515.0
661,10.329571008682251,374211.0,293595.0
662,10.34200406074524,374197.0,293588.0
663,10.354438066482544,374272.0,293626.0
664,10.36687183380127,374342.0,293659.0
665,10.379306077957153,374263.0,293642.0
666,10.394786834716797,374259.0,293638.0
667,10.410268068313599,374191.0,293529.0
668,10.425749063491821,374035.0,293499.0
669,10.441229820251465,374033.0,293407.0
670,10.456711053848267,373982.0,293348.0
671,10.47219204902649,373958.0,293327.0
672,10.489475011825562,373973.0,293280.0
673,10.506757974624634,373924.0,293303.0
674,10.524041175842285,373814.0,293294.0
675,10.541324138641357,373870.0,293301.0
676,10.55860686302185,373837.0,293213.0
677,10.575891017913818,373819.0,293273.0
678,10.59066891670227,373865.0,293243.0
679,10.605447053909302,373902.0,293285.0
680,10.620225191116333,373866.0,293309.0
681,10.635003089904785,373927.0,293340.0
682,10.649780988693237,373964.0,293292.0
683,10.664560079574585,373874.0,293278.0
684,10.679576873779297,373902.0,293322.0
685,10.694594860076904,373878.0,293329.0
686,10.709611892700195,373886.0,293321.0
687,10.724629163742065,373844.0,293335.0
688,10.739647150039673,373898.0,293370.0
689,10.754663944244385,373956.0,293347.0
690,10.772176027297974,373877.0,293372.0
691,10.789687871932983,373893.0,293380.0
692,10.807200193405151,373886.0,293417.0
693,10.824712038040161,373965.0,293426.0
694,10.842223882675171,374008.0,293441.0
695,10.85973596572876,374118.0,293439.0
696,10.87514615058899,374074.0,293480.0
697,10.890554904937744,374109.0,293512.0
698,10.905963897705078,374170.0,293523.0
699,10.921373128890991,374126.0,293604.0
700,10.936781883239746,374179.0,293584.0
701,10.952192068099976,374177.0,293573.0
702,10.966792106628418,374192.0,293651.0
703,10.981393098831177,374156.0,293625.0
704,10.995993852615356,374262.0,293689.0
705,11.010593891143799,374284.0,293735.0
706,11.025195121765137,374298.0,293740.0
707,11.039796113967896,374306.0,293726.0
708,11.054984092712402,374359.0,293769.0
709,11.07017207145691,374395.0,293825.0
710,11.085361003875732,374470.0,293847.0
711,11.10054898262024,374490.0,293899.0
712,11.115736961364746,374489.0,293878.0
713,11.13092589378357,374590.0,293908.0
714,11.146133184432983,374592.0,293924.0
715,11.161340951919556,374477.0,293923.0
716,11.176548957824707,374480.0,293879.0
717,11.191756963729858,374331.0,293786.0
718,11.206965208053589,374242.0,293732.0
719,11.222172021865845,374231.0,293668.0
720,11.239564895629883,374206.0,293632.0
721,11.2569580078125,374140.0,293623.0
722,11.274350881576538,374216.0,293581.0
723,11.291743993759155,374110.0,293554.0
724,11.309137105941772,374043.0,293535.0
725,11.326529026031494,374103.0,293514.0
726,11.34372591972351,374122.0,293527.0
727,11.360921859741211,374059.0,293472.0
728,11.37811803817749,374140.0,293530.0
729,11.39531397819519,374096.0,293494.0
730,11.41251015663147,374039.0,293526.0
731,11.429707050323486,374083.0,293448.0
732,11.442121028900146,374080.0,293492.0
733,11.454535961151123,374104.0,293479.0
734,11.466951131820679,373974.0,293493.0
735,11.47936487197876,374040.0,293480.0
736,11.491780042648315,374042.0,293521.0
737,11.504194021224976,373997.0,293506.0
738,11.519706010818481,374129.0,293538.0
739,11.535218000411987,374051.0,293532.0
740,11.550729990005493,374116.0,293541.0
741,11.566241979598999,374119.0,293561.0
742,11.581753969192505,374147.0,293606.0
743,11.59726595878601,374150.0,293570.0
744,11.61437702178955,374230.0,293615.0
745,11.631487131118774,374196.0,293645.0
746,11.648597002029419,374226.0,293640.0
747,11.66570782661438,374216.0,293642.0
748,11.682817935943604,374225.0,293665.0
749,11.699927806854248,374288.0,293717.0
750,11.714811086654663,374342.0,293702.0
751,11.729692935943604,374320.0,293736.0
752,11.744575023651123,374318.0,293766.0
753,11.75945782661438,374391.0,293742.0
754,11.7743399143219,374356.0,293805.0
755,11.789222002029419,374371.0,293793.0
756,11.806864023208618,374411.0,293847.0
757,11.824506044387817,374470.0,293898.0
758,11.842146873474121,374518.0,293880.0
759,11.859788179397583,374539.0,293924.0
760,11.877430200576782,374633.0,293911.0
761,11.895071029663086,374613.0,293929.0
762,11.910104990005493,374667.0,294017.0
763,11.9251389503479,374668.0,294019.0
764,11.940172910690308,374673.0,294031.0
765,11.955207109451294,374540.0,294010.0
766,11.970241069793701,374609.0,293980.0
767,11.985275030136108,374490.0,293908.0
768,12.000181198120117,374452.0,293856.0
769,12.01508903503418,374412.0,293810.0
770,12.029995918273926,374367.0,293763.0
771,12.044903039932251,374336.0,293799.0
772,12.05980920791626,374345.0,293716.0
773,12.074717044830322,374371.0,293726.0
774,12.08981704711914,374330.0,293711.0
775,12.104918241500854,374312.0,293699.0
776,12.120020151138306,374381.0,293678.0
777,12.13512110710144,374278.0,293673.0
778,12.150221824645996,374285.0,293695.0
779,12.16532301902771,374314.0,293708.0
780,12.180367946624756,374267.0,293686.0
781,12.19541311264038,374175.0,293694.0
782,12.210458040237427,374269.0,293689.0
783,12.225503206253052,374259.0,293684.0
784,12.240547895431519,374227.0,293707.0
785,12.25559401512146,374260.0,293695.0
786,12.270960092544556,374256.0,293670.0
787,12.286325216293335,374259.0,293729.0
788,12.301691055297852,374259.0,293704.0
789,12.317057847976685,374306.0,293717.0
790,12.332422971725464,374312.0,293750.0
791,12.34778881072998,374364.0,293717.0
792,12.36508297920227,374325.0,293746.0
793,12.382378101348877,374353.0,293777.0
794,12.399672031402588,374381.0,293772.0
795,12.416965007781982,374376.0,293769.0
796,12.434260129928589,374396.0,293793.0
797,12.45155382156372,374380.0,293834.0
798,12.466366052627563,374409.0,293823.0
799,12.481178045272827,374473.0,293837.0
800,12.49599003791809,374482.0,293873.0
801,12.510802984237671,374514.0,293884.0
802,12.525614976882935,374482.0,293917.0
803,12.540427207946777,374535.0,293918.0
804,12.555284023284912,374611.0,293957.0
805,12.570142030715942,374578.0,293989.0
806,12.58499789237976,374621.0,294025.0
807,12.599854946136475,374706.0,294003.0
808,12.614711999893188,374655.0,294010.0
809,12.629569053649902,374658.0,294055.0
810,12.645133972167969,374752.0,294075.0
811,12.660697937011719,374719.0,294074.0
812,12.676263093948364,374672.0,294121.0
813,12.691827058792114,374724.0,294141.0
814,12.707391023635864,374666.0,294123.0
815,12.722955226898193,374617.0,294031.0
816,12.739988088607788,374626.0,293967.0
817,12.757019996643066,374485.0,293902.0
818,12.774051904678345,374506.0,293891.0
819,12.791085004806519,374499.0,293866.0
820,12.808117151260376,374554.0,293873.0
821,12.825149059295654,374450.0,293865.0
822,12.840100049972534,374421.0,293854.0
823,12.855051040649414,374471.0,293846.0
824,12.870002031326294,374437.0,293805.0
825,12.884951829910278,374428.0,293804.0
826,12.899903059005737,374389.0,293844.0
827,12.914854049682617,374419.0,293815.0
828,12.93019700050354,374402.0,293843.0
829,12.94554090499878,374416.0,293781.0
830,12.960885047912598,374335.0,293883.0
831,12.976228952407837,374320.0,293784.0
832,12.991573095321655,374388.0,293796.0
833,13.006916046142578,374305.0,293826.0
834,13.021918058395386,374350.0,293813.0
835,13.036918878555298,374442.0,293844.0
836,13.051919937133789,374452.0,293814.0
837,13.066920042037964,374365.0,293839.0
838,13.081921815872192,374445.0,293867.0
839,13.096922874450684,374377.0,293877.0
840,13.11403512954712,374413.0,293885.0
841,13.131147146224976,374439.0,293896.0
842,13.148258924484253,374460.0,293906.0
843,13.16537094116211,374414.0,293916.0
844,13.182482957839966,374516.0,293918.0
845,13.199595212936401,374479.0,293971.0
846,13.21461796760559,374491.0,293971.0
847,13.22964096069336,374546.0,293958.0
848,13.244663000106812,374583.0,293979.0
849,13.25968599319458,374587.0,294025.0
850,13.274708986282349,374602.0,294020.0
851,13.2897310256958,374646.0,294048.0
852,13.304789066314697,374657.0,294098.0
853,13.319845914840698,374684.0,294094.0
854,13.334903001785278,374749.0,294113.0
855,13.349961042404175,374684.0,294127.0
856,13.365017890930176,374797.0,294122.0
857,13.380075216293335,374776.0,294146.0
858,13.395539045333862,374788.0,294209.0
859,13.411001920700073,374743.0,294231.0
860,13.42646598815918,374874.0,294241.0
861,13.441930055618286,374891.0,294271.0
862,13.457392930984497,374839.0,294313.0
863,13.472855806350708,374886.0,294281.0
864,13.489827871322632,374743.0,294249.0
865,13.50679898262024,374734.0,294173.0
866,13.523769855499268,374702.0,294194.0
867,13.540740966796875,374666.0,294112.0
868,13.557712078094482,374641.0,294078.0
869,13.57468295097351,374619.0,294054.0
870,13.589836120605469,374559.0,294057.0
871,13.604988098144531,374545.0,294008.0
872,13.620139837265015,374520.0,293984.0
873,13.635293006896973,374513.0,293964.0
874,13.650444984436035,374482.0,293988.0
875,13.665596961975098,374442.0,293975.0
876,13.680717945098877,374491.0,293947.0
877,13.69583797454834,374434.0,293999.0
878,13.710958003997803,374472.0,293974.0
879,13.726078033447266,374394.0,293984.0
880,13.74119782447815,374407.0,293957.0
881,13.756319046020508,374425.0,293914.0
882,13.773773908615112,374456.0,293952.0
883,13.791229963302612,374439.0,293962.0
884,13.808686017990112,374427.0,293932.0
885,13.826142072677612,374452.0,293949.0
886,13.843597888946533,374406.0,293929.0
887,13.861052989959717,374460.0,293938.0
888,13.876247882843018,374407.0,293916.0
889,13.891443014144897,374404.0,293963.0
890,13.906636953353882,374352.0,293987.0
891,13.921832084655762,374500.0,294002.0
892,13.937026977539062,374436.0,294029.0
893,13.952222108840942,374391.0,293986.0
894,13.96720004081726,374486.0,294021.0
895,13.982178926467896,374519.0,293999.0
896,13.99715805053711,374521.0,294005.0
897,14.012137174606323,374549.0,294034.0
898,14.027115821838379,374644.0,294035.0
899,14.042093992233276,374572.0,294106.0
900,14.056705236434937,374612.0,294143.0
901,14.071315050125122,374644.0,294120.0
902,14.085924863815308,374660.0,294124.0
903,14.100535869598389,374624.0,294156.0
904,14.115146160125732,374682.0,294129.0
905,14.129755973815918,374710.0,294172.0
906,14.145249128341675,374725.0,294201.0
907,14.160742044448853,374736.0,294172.0
908,14.176234006881714,374748.0,294257.0
909,14.191726922988892,374782.0,294246.0
910,14.207220077514648,374801.0,294312.0
911,14.22271180152893,374808.0,294330.0
912,14.23998498916626,374844.0,294253.0
913,14.257256984710693,374740.0,294279.0
914,14.274529933929443,374736.0,294238.0
915,14.291802883148193,374617.0,294193.0
916,14.309075117111206,374602.0,294112.0
917,14.326348066329956,374551.0,294070.0
918,14.341077089309692,374545.0,294101.0
919,14.355806112289429,374542.0,294074.0
920,14.370535135269165,374470.0,294056.0
921,14.385263919830322,374428.0,294005.0
922,14.399992942810059,374364.0,293981.0
923,14.414721965789795,374401.0,293931.0
924,14.42979907989502,374354.0,293937.0
925,14.444875001907349,374373.0,293860.0
926,14.459951877593994,374368.0,293913.0
927,14.475028038024902,374360.0,293899.0
928,14.490103960037231,374306.0,293882.0
929,14.505181074142456,374362.0,293882.0
930,14.520348072052002,374301.0,293855.0
931,14.535515069961548,374283.0,293899.0
932,14.550682067871094,374338.0,293875.0
933,14.56584882736206,374268.0,293912.0
934,14.581015825271606,374303.0,293864.0
935,14.596182823181152,374308.0,293874.0
936,14.613399982452393,374258.0,293923.0
937,14.63061785697937,374216.0,293871.0
938,14.64783501625061,374309.0,293869.0
939,14.665051937103271,374301.0,293876.0
940,14.682270050048828,374270.0,293878.0
941,14.69948697090149,374315.0,293925.0
942,14.714591026306152,374285.0,293904.0
943,14.729696035385132,374344.0,293934.0
944,14.744799137115479,374368.0,293945.0
945,14.759903192520142,374356.0,293940.0
946,14.775007009506226,374388.0,293936.0
947,14.790112018585205,374452.0,293968.0
948,14.805284023284912,374440.0,294020.0
949,14.82045602798462,374424.0,294032.0
950,14.835628986358643,374536.0,294034.0
951,14.85080099105835,374465.0,294047.0
952,14.865974187850952,374534.0,294074.0
953,14.88114595413208,374414.0,294069.0
954,14.89635705947876,374549.0,294099.0
955,14.91156792640686,374566.0,294092.0
956,14.92677903175354,374599.0,294140.0
957,14.941991090774536,374611.0,294153.0
958,14.95720100402832,374561.0,294190.0
959,14.972413063049316,374644.0,294208.0
960,14.98949408531189,374682.0,294245.0
961,15.00657606124878,374769.0,294265.0
962,15.023658037185669,374742.0,294244.0
963,15.040738821029663,374791.0,294287.0
964,15.057821035385132,374695.0,294231.0
965,15.074902057647705,374616.0,294175.0
966,15.09010910987854,374508.0,294120.0
967,15.105315923690796,374494.0,294067.0
968,15.12052321434021,374429.0,294037.0
969,15.135730028152466,374411.0,294007.0
970,15.150936841964722,374417.0,294026.0
971,15.166144132614136,374360.0,294015.0
972,15.18085789680481,374378.0,293965.0
973,15.195572137832642,374302.0,293977.0
974,15.210284948348999,374236.0,293943.0
975,15.224998950958252,374276.0,293894.0
976,15.239713191986084,374290.0,293893.0
977,15.254426956176758,374277.0,293859.0
978,15.26968789100647,374291.0,293872.0
979,15.284948110580444,374325.0,293931.0
980,15.30020809173584,374190.0,293866.0
981,15.315469026565552,374183.0,293859.0
982,15.330729007720947,374195.0,293820.0
983,15.345988988876343,374151.0,293804.0
984,15.36332392692566,374089.0,293879.0
985,15.380660057067871,374141.0,293847.0
986,15.397994041442871,374134.0,293793.0
987,15.415329217910767,374186.0,293821.0
988,15.43266487121582,374140.0,293820.0
989,15.450000047683716,374121.0,293833.0
990,15.464910984039307,374134.0,293838.0
991,15.479822874069214,374193.0,293861.0
992,15.4947350025177,374265.0,293864.0
993,15.509646892547607,374194.0,293866.0
994,15.524559020996094,374286.0,293866.0
995,15.539469957351685,374216.0,293902.0
996,15.554589986801147,374273.0,293900.0
997,15.56971001625061,374265.0,293913.0
998,15.584829092025757,374279.0,293922.0
999,15.599948167800903,374301.0,293991.0
1000,15.615067958831787,374249.0,293956.0
1001,15.630187034606934,374355.0,293984.0
1002,15.645347833633423,374298.0,293975.0
1003,15.66050910949707,374317.0,294032.0
1004,15.675669193267822,374348.0,294032.0
1005,15.690829992294312,374379.0,294064.0
1006,15.70599102973938,374442.0,294022.0
1007,15.721152067184448,374473.0,294082.0
1008,15.738394021987915,374453.0,294091.0
1009,15.755638122558594,374517.0,294102.0
1010,15.772881031036377,374648.0,294147.0
1011,15.790123224258423,374572.0,294147.0
1012,15.807367086410522,374569.0,294181.0
1013,15.82460904121399,374538.0,294153.0
1014,15.839673042297363,374440.0,294098.0
1015,15.854737043380737,374357.0,294046.0
1016,15.869801044464111,374369.0,293980.0
1017,15.884865045547485,374247.0,293930.0
1018,15.89992904663086,374168.0,293944.0
1019,15.914993047714233,374224.0,293857.0
1020,15.930083990097046,374204.0,293809.0
1021,15.945174217224121,374156.0,293847.0
1022,15.960265159606934,374120.0,293815.0
1023,15.975356101989746,374188.0,293782.0
1024,15.990445852279663,374102.0,293752.0
1025,16.005537033081055,374069.0,293741.0
1026,16.02067995071411,374010.0,293741.0
1027,16.035824060440063,374039.0,293704.0
1028,16.050967931747437,374032.0,293686.0
1029,16.06611204147339,374048.0,293698.0
1030,16.08125615119934,373985.0,293716.0
1031,16.096400022506714,373906.0,293709.0
1032,16.113574028015137,373941.0,293671.0
1033,16.13074803352356,373903.0,293696.0
1034,16.147922039031982,373930.0,293633.0
1035,16.165096044540405,374004.0,293674.0
1036,16.182270050048828,373953.0,293676.0
1037,16.19944405555725,373986.0,293676.0
1038,16.21452307701111,374031.0,293657.0
1039,16.229601860046387,374094.0,293704.0
1040,16.244681119918823,374039.0,293674.0
1041,16.2597599029541,374064.0,293736.0
1042,16.27483892440796,374066.0,293688.0
1043,16.2899169921875,374109.0,293727.0
1044,16.304903030395508,374105.0,293729.0
1045,16.319886922836304,374054.0,293725.0
1046,16.334872007369995,374107.0,293775.0
1047,16.349857807159424,374090.0,293769.0
1048,16.364842176437378,374102.0,293782.0
1049,16.37982702255249,374097.0,293807.0
1050,16.39515209197998,374137.0,293855.0
1051,16.41047692298889,374156.0,293829.0
1052,16.425801038742065,374148.0,293834.0
1053,16.441126108169556,374193.0,293810.0
1054,16.456450939178467,374264.0,293853.0
1055,16.47177505493164,374249.0,293828.0
1056,16.488969087600708,374264.0,293884.0
1057,16.50616192817688,374303.0,293894.0
1058,16.52335500717163,374324.0,293931.0
1059,16.540547847747803,374361.0,293875.0
1060,16.557740926742554,374318.0,293975.0
1061,16.574934244155884,374356.0,294003.0
1062,16.589860916137695,374366.0,294019.0
1063,16.604788064956665,374366.0,293980.0
1064,16.61971402168274,374310.0,293945.0
1065,16.63464093208313,374169.0,293855.0
1066,16.6495680809021,374139.0,293786.0
1067,16.664494037628174,374059.0,293733.0
1068,16.679538011550903,374053.0,293718.0
1069,16.694581031799316,374020.0,293691.0
1070,16.70962381362915,374064.0,293665.0
1071,16.72466802597046,374003.0,293608.0
1072,16.739711046218872,373884.0,293575.0
1073,16.7547550201416,373932.0,293520.0
1074,16.76996397972107,373855.0,293494.0
1075,16.785174131393433,373824.0,293531.0
1076,16.8003830909729,373854.0,293464.0
1077,16.815592050552368,373810.0,293497.0
1078,16.830801963806152,373705.0,293517.0
1079,16.846012115478516,373745.0,293462.0
1080,16.863224029541016,373716.0,293466.0
1081,16.880436182022095,373745.0,293460.0
1082,16.89764904975891,373756.0,293509.0
1083,16.91486096382141,373730.0,293460.0
1084,16.93207311630249,373722.0,293443.0
1085,16.94928503036499,373734.0,293457.0
1086,16.964299201965332,373706.0,293458.0
1087,16.9793119430542,373750.0,293481.0
1088,16.99432611465454,373777.0,293459.0
1089,17.009340047836304,373757.0,293466.0
1090,17.02435302734375,373724.0,293479.0
1091,17.039366006851196,373804.0,293462.0
1092,17.05445408821106,373792.0,293477.0
1093,17.069541931152344,373749.0,293513.0
1094,17.08462905883789,373804.0,293507.0
1095,17.099716901779175,373718.0,293532.0
1096,17.114805221557617,373736.0,293523.0
1097,17.1298930644989,373779.0,293561.0
1098,17.14746403694153,373876.0,293528.0
1099,17.165035009384155,373807.0,293576.0
1100,17.182605981826782,373907.0,293567.0
1101,17.200178146362305,374012.0,293641.0
1102,17.21774911880493,373907.0,293600.0
1103,17.235321044921875,373921.0,293663.0
1104,17.250187158584595,373937.0,293677.0
1105,17.26505398750305,373986.0,293623.0
1106,17.279921054840088,374015.0,293670.0
1107,17.294787883758545,374040.0,293681.0
1108,17.30965495109558,374099.0,293729.0
1109,17.324522018432617,373998.0,293788.0
1110,17.33956789970398,374124.0,293783.0
1111,17.35461401939392,374173.0,293792.0
1112,17.36966109275818,374145.0,293818.0
1113,17.38470697402954,374189.0,293851.0
1114,17.399753093719482,374196.0,293844.0
1115,17.414798974990845,374224.0,293838.0
1116,17.432366847991943,374185.0,293808.0
1117,17.449934005737305,374158.0,293696.0
1118,17.467500925064087,374049.0,293667.0
1119,17.48506808280945,373988.0,293639.0
1120,17.50263500213623,373968.0,293580.0
1121,17.520203113555908,373892.0,293532.0
1122,17.533082008361816,373833.0,293557.0
1123,17.545961141586304,373805.0,293522.0
1124,17.558840036392212,373721.0,293466.0
1125,17.57171893119812,373644.0,293444.0
1126,17.584598064422607,373624.0,293387.0
1127,17.597476959228516,373597.0,293402.0
1128,17.61453104019165,373671.0,293383.0
1129,17.631585121154785,373616.0,293385.0
1130,17.64863920211792,373577.0,293338.0
1131,17.665693044662476,373632.0,293352.0
1132,17.68274688720703,373567.0,293359.0
1133,17.699800968170166,373629.0,293316.0
1134,17.715003967285156,373535.0,293348.0
1135,17.730207204818726,373642.0,293293.0
1136,17.7454092502594,373536.0,293299.0
1137,17.76061201095581,373480.0,293310.0
1138,17.7758150100708,373534.0,293301.0
1139,17.791017055511475,373501.0,293316.0
1140,17.805729866027832,373479.0,293287.0
1141,17.820441007614136,373545.0,293347.0
1142,17.835154056549072,373569.0,293329.0
1143,17.849866151809692,373553.0,293344.0
1144,17.864577054977417,373603.0,293372.0
1145,17.879289865493774,373601.0,293338.0
1146,17.894675970077515,373616.0,293371.0
1147,17.91006302833557,373650.0,293392.0
1148,17.925450086593628,373723.0,293402.0
1149,17.940836906433105,373721.0,293408.0
1150,17.95622420310974,373705.0,293375.0
1151,17.97161102294922,373777.0,293438.0
1152,17.99132800102234,373777.0,293493.0
1153,18.011045932769775,373775.0,293471.0
1154,18.030763864517212,373823.0,293483.0
1155,18.050482034683228,373800.0,293518.0
1156,18.070199966430664,373820.0,293584.0
1157,18.089916944503784,373921.0,293591.0
1158,18.10230803489685,373884.0,293575.0
1159,18.114700078964233,373892.0,293639.0
1160,18.1270911693573,373977.0,293627.0
1161,18.139482021331787,374026.0,293710.0
1162,18.151873111724854,374008.0,293694.0
1163,18.16426396369934,374050.0,293710.0
1164,18.17937707901001,374140.0,293731.0
1165,18.194489002227783,374151.0,293800.0
1166,18.209601879119873,374250.0,293804.0
1167,18.224714040756226,374171.0,293836.0
1168,18.239825963974,374090.0,293774.0
1169,18.254939079284668,374089.0,293716.0
1170,18.270121097564697,373993.0,293623.0
1171,18.285302877426147,373908.0,293589.0
1172,18.300486087799072,373888.0,293564.0
1173,18.3156681060791,373813.0,293506.0
1174,18.33084988594055,373752.0,293447.0
1175,18.346033096313477,373797.0,293477.0
1176,18.36325216293335,373759.0,293458.0
1177,18.38047194480896,373684.0,293426.0
1178,18.397691011428833,373698.0,293380.0
1179,18.414911031723022,373629.0,293376.0
1180,18.432130813598633,373617.0,293351.0
1181,18.4493510723114,373623.0,293359.0
1182,18.464470863342285,373641.0,293392.0
1183,18.479592084884644,373654.0,293353.0
1184,18.494712829589844,373576.0,293362.0
1185,18.509833097457886,373623.0,293317.0
1186,18.524954080581665,373579.0,293335.0
1187,18.540075063705444,373477.0,293307.0
1188,18.5575168132782,373551.0,293301.0
1189,18.57495903968811,373544.0,293332.0
1190,18.592401027679443,373528.0,293312.0
1191,18.609843015670776,373564.0,293327.0
1192,18.62728500366211,373598.0,293334.0
1193,18.644726991653442,373586.0,293359.0
1194,18.657476902008057,373662.0,293365.0
1195,18.670226097106934,373702.0,293381.0
1196,18.68297505378723,373725.0,293400.0
1197,18.69572377204895,373676.0,293381.0
1198,18.708472967147827,373769.0,293470.0
1199,18.72122311592102,373756.0,293399.0
1200,18.73848295211792,373729.0,293440.0
1201,18.755744218826294,373745.0,293474.0
1202,18.77300500869751,373769.0,293468.0
1203,18.790266036987305,373746.0,293510.0
1204,18.8075270652771,373851.0,293497.0
1205,18.824788093566895,373842.0,293534.0
1206,18.839893102645874,373810.0,293550.0
1207,18.85499882698059,373918.0,293569.0
1208,18.870105028152466,373941.0,293556.0
1209,18.88521099090576,373943.0,293581.0
1210,18.900316953659058,373906.0,293595.0
1211,18.915421962738037,374016.0,293629.0
1212,18.93023920059204,374054.0,293639.0
1213,18.945056200027466,374057.0,293680.0
1214,18.95987319946289,374105.0,293721.0
1215,18.974689960479736,374086.0,293755.0
1216,18.98950695991516,374191.0,293766.0
1217,19.00432300567627,374131.0,293758.0
1218,19.019829034805298,374082.0,293746.0
1219,19.03533411026001,374036.0,293671.0
1220,19.050838947296143,374007.0,293608.0
1221,19.066344022750854,373810.0,293560.0
1222,19.081848859786987,373833.0,293493.0
1223,19.097355127334595,373794.0,293512.0
1224,19.11446785926819,373814.0,293462.0
1225,19.131582021713257,373717.0,293389.0
1226,19.148695945739746,373774.0,293405.0
1227,19.16580891609192,373709.0,293340.0
1228,19.182923078536987,373671.0,293366.0
1229,19.20003604888916,373749.0,293336.0
1230,19.214965105056763,373598.0,293356.0
1231,19.229892015457153,373693.0,293360.0
1232,19.24482011795044,373657.0,293338.0
1233,19.259747982025146,373688.0,293314.0
1234,19.27467703819275,373551.0,293342.0
1235,19.28960394859314,373613.0,293320.0
1236,19.304676055908203,373655.0,293302.0
1237,19.31974697113037,373580.0,293333.0
1238,19.334818840026855,373596.0,293302.0
1239,19.349889993667603,373565.0,293324.0
1240,19.36496114730835,373602.0,293321.0
1241,19.380033254623413,373626.0,293323.0
1242,19.39751410484314,373641.0,293322.0
1243,19.414994955062866,373617.0,293325.0
1244,19.432476043701172,373685.0,293355.0
1245,19.4499568939209,373631.0,293358.0
1246,19.467437982559204,373696.0,293383.0
1247,19.484920024871826,373771.0,293388.0
1248,19.49995708465576,373743.0,293421.0
1249,19.514995098114014,373763.0,293410.0
1250,19.53003191947937,373673.0,293467.0
1251,19.545068979263306,373800.0,293421.0
1252,19.560107231140137,373742.0,293456.0
1253,19.575144052505493,373855.0,293504.0
1254,19.590166091918945,373872.0,293508.0
1255,19.605186939239502,373843.0,293516.0
1256,19.620208978652954,373867.0,293538.0
1257,19.635231018066406,373949.0,293567.0
1258,19.650252103805542,373963.0,293597.0
1259,19.6652729511261,373957.0,293600.0
1260,19.680363178253174,374013.0,293604.0
1261,19.695451974868774,374007.0,293632.0
1262,19.710541009902954,374004.0,293643.0
1263,19.72563099861145,374123.0,293689.0
1264,19.74072003364563,374095.0,293748.0
1265,19.755810022354126,374086.0,293735.0
1266,19.770843029022217,374157.0,293753.0
1267,19.785876989364624,374013.0,293715.0
1268,19.80091094970703,373950.0,293678.0
1269,19.815945148468018,373970.0,293605.0
1270,19.830978870391846,373926.0,293525.0
1271,19.846013069152832,373800.0,293546.0
1272,19.86333203315735,373838.0,293546.0
1273,19.880651235580444,373850.0,293487.0
1274,19.897969961166382,373805.0,293447.0
1275,19.915289878845215,373770.0,293434.0
1276,19.93260908126831,373831.0,293401.0
1277,19.949928045272827,373714.0,293403.0
1278,19.964977025985718,373706.0,293418.0
1279,19.98002600669861,373740.0,293448.0
1280,19.995073795318604,373727.0,293404.0
1281,20.010123014450073,373643.0,293418.0
1282,20.025171995162964,373727.0,293381.0
1283,20.040220022201538,373673.0,293378.0
1284,20.05517816543579,373703.0,293374.0
1285,20.07013702392578,373671.0,293371.0
1286,20.085094928741455,373616.0,293402.0
1287,20.100053071975708,373658.0,293394.0
1288,20.115009784698486,373690.0,293413.0
1289,20.129969120025635,373766.0,293369.0
1290,20.145352125167847,373775.0,293404.0
1291,20.16073513031006,373772.0,293426.0
1292,20.17611813545227,373751.0,293452.0
1293,20.191500902175903,373793.0,293457.0
1294,20.206883907318115,373807.0,293430.0
1295,20.222268104553223,373814.0,293430.0
1296,20.239415884017944,373841.0,293523.0
1297,20.256564140319824,373811.0,293539.0
1298,20.27371311187744,373857.0,293508.0
1299,20.290860891342163,373782.0,293556.0
1300,20.308009147644043,373903.0,293558.0
1301,20.32515788078308,373992.0,293615.0
1302,20.340095043182373,373964.0,293630.0
1303,20.355031967163086,373963.0,293633.0
1304,20.3699688911438,374061.0,293646.0
1305,20.38490605354309,374060.0,293700.0
1306,20.399842977523804,374039.0,293715.0
1307,20.414781093597412,374181.0,293755.0
1308,20.42990016937256,374097.0,293749.0
1309,20.44501805305481,374196.0,293763.0
1310,20.460138082504272,374193.0,293779.0
1311,20.47525691986084,374224.0,293795.0
1312,20.49037504196167,374207.0,293802.0
1313,20.505494832992554,374273.0,293835.0
1314,20.52086591720581,374295.0,293871.0
1315,20.536237955093384,374334.0,293920.0
1316,20.55160903930664,374393.0,293975.0
1317,20.566981077194214,374348.0,293963.0
1318,20.582353115081787,374342.0,293967.0
1319,20.597723960876465,374297.0,293909.0
1320,20.614736080169678,374195.0,293886.0
1321,20.631747007369995,374146.0,293761.0
1322,20.64875817298889,374129.0,293758.0
1323,20.66576910018921,374176.0,293770.0
1324,20.682780027389526,374102.0,293751.0
1325,20.699790954589844,374054.0,293728.0
1326,20.714799880981445,374066.0,293691.0
1327,20.729809045791626,373972.0,293690.0
1328,20.744817972183228,373853.0,293647.0
1329,20.759827136993408,374010.0,293662.0
1330,20.77483606338501,373968.0,293623.0
1331,20.789844036102295,373970.0,293651.0
1332,20.804917097091675,373910.0,293622.0
1333,20.819990158081055,373990.0,293613.0
1334,20.835062980651855,373994.0,293632.0
1335,20.850135803222656,373934.0,293590.0
1336,20.865208864212036,373988.0,293606.0
1337,20.8802809715271,373919.0,293592.0
1338,20.89787721633911,373964.0,293584.0
1339,20.91547203063965,373925.0,293580.0
1340,20.93306803703308,373936.0,293571.0
1341,20.950663089752197,373961.0,293566.0
1342,20.968257904052734,373908.0,293562.0
1343,20.98585295677185,373940.0,293608.0
1344,21.000674962997437,373958.0,293630.0
1345,21.015496969223022,373993.0,293640.0
1346,21.03031897544861,373960.0,293656.0
1347,21.045141220092773,374068.0,293664.0
1348,21.05996298789978,374051.0,293664.0
1349,21.07478404045105,374030.0,293667.0
1350,21.089930057525635,374030.0,293724.0
1351,21.105073928833008,374146.0,293726.0
1352,21.120218992233276,374117.0,293712.0
1353,21.135364055633545,374121.0,293767.0
1354,21.150508880615234,374203.0,293827.0
1355,21.165654182434082,374173.0,293804.0
1356,21.180726051330566,374190.0,293809.0
1357,21.195797204971313,374236.0,293853.0
1358,21.210869073867798,374284.0,293842.0
1359,21.225939989089966,374253.0,293896.0
1360,21.24101209640503,374304.0,293904.0
1361,21.256083011627197,374307.0,293932.0
1362,21.27111005783081,374350.0,293950.0
1363,21.28613805770874,374364.0,293979.0
1364,21.301163911819458,374357.0,293992.0
1365,21.31619119644165,374418.0,294011.0
1366,21.331218004226685,374528.0,294017.0
1367,21.346245050430298,374630.0,294071.0
1368,21.36351180076599,374556.0,294158.0
1369,21.380779027938843,374567.0,294100.0
1370,21.398046016693115,374495.0,294064.0
1371,21.415313005447388,374486.0,293973.0
1372,21.43257999420166,374321.0,293925.0
1373,21.449846982955933,374309.0,293925.0
1374,21.46505093574524,374254.0,293873.0
1375,21.480255126953125,374172.0,293788.0
1376,21.495457887649536,374236.0,293830.0
1377,21.510662078857422,374172.0,293828.0
1378,21.52586603164673,374174.0,293803.0
1379,21.54106879234314,374169.0,293819.0
1380,21.55579900741577,374106.0,293758.0
1381,21.570528030395508,374099.0,293788.0
1382,21.585257053375244,374154.0,293738.0
1383,21.599987030029297,374176.0,293777.0
1384,21.614716053009033,374100.0,293759.0
1385,21.629446029663086,374166.0,293737.0
1386,21.64473605155945,374084.0,293756.0
1387,21.66002607345581,374113.0,293728.0
1388,21.675316095352173,374077.0,293715.0
1389,21.69060492515564,374096.0,293741.0
1390,21.705894947052002,374087.0,293720.0
1391,21.721185207366943,374071.0,293739.0
1392,21.73876690864563,374034.0,293727.0
1393,21.756348133087158,374040.0,293805.0
1394,21.773930072784424,374115.0,293771.0
1395,21.791510820388794,374101.0,293709.0
1396,21.80909299850464,374138.0,293757.0
1397,21.826673984527588,374128.0,293794.0
1398,21.84128713607788,374208.0,293762.0
1399,21.855900049209595,374162.0,293803.0
1400,21.870512008666992,374175.0,293808.0
1401,21.88512396812439,374213.0,293852.0
1402,21.899736881256104,374224.0,293887.0
1403,21.914350032806396,374235.0,293850.0
1404,21.929418087005615,374309.0,293872.0
1405,21.944485902786255,374279.0,293925.0
1406,21.959553956985474,374270.0,293949.0
1407,21.974622011184692,374301.0,293915.0
1408,21.989691019058228,374339.0,293995.0
1409,22.004758834838867,374335.0,294003.0
1410,22.020008087158203,374396.0,294004.0
1411,22.03525686264038,374389.0,294004.0
1412,22.050507068634033,374448.0,294037.0
1413,22.06575608253479,374456.0,294022.0
1414,22.081004858016968,374591.0,294090.0
1415,22.09625506401062,374545.0,294099.0
1416,22.113443851470947,374609.0,294122.0
1417,22.13063406944275,374590.0,294177.0
1418,22.14782404899597,374637.0,294146.0
1419,22.165014028549194,374679.0,294176.0
1420,22.182204008102417,374625.0,294219.0
1421,22.199393033981323,374653.0,294159.0
1422,22.214468955993652,374587.0,294149.0
1423,22.22954511642456,374494.0,294075.0
1424,22.24462080001831,374432.0,294052.0
1425,22.25969696044922,374405.0,294001.0
1426,22.274773120880127,374412.0,293992.0
1427,22.289849042892456,374342.0,293962.0
1428,22.305059909820557,374323.0,293938.0
1429,22.320271015167236,374381.0,293969.0
1430,22.335481882095337,374261.0,293927.0
1431,22.350692987442017,374230.0,293898.0
1432,22.365904092788696,374318.0,293852.0
1433,22.381114959716797,374285.0,293892.0
1434,22.396054983139038,374266.0,293866.0
1435,22.41099500656128,374254.0,293888.0
1436,22.42593502998352,374235.0,293878.0
1437,22.44087505340576,374152.0,293836.0
1438,22.455815076828003,374202.0,293878.0
1439,22.470754861831665,374218.0,293890.0
1440,22.48811101913452,374169.0,293891.0
1441,22.505468130111694,374225.0,293895.0
1442,22.52282404899597,374219.0,293870.0
1443,22.54017996788025,374225.0,293876.0
1444,22.557537078857422,374227.0,293917.0
1445,22.5748929977417,374255.0,293909.0
1446,22.59001398086548,374240.0,293907.0
1447,22.605134963989258,374225.0,293943.0
1448,22.620256185531616,374295.0,293904.0
1449,22.635376930236816,374266.0,293917.0
1450,22.650497913360596,374311.0,293965.0
1451,22.66561794281006,374367.0,293990.0
1452,22.680433988571167,374267.0,293994.0
1453,22.695250034332275,374239.0,293977.0
1454,22.710066080093384,374402.0,294021.0
1455,22.724882125854492,374343.0,294052.0
1456,22.73969793319702,374392.0,294036.0
1457,22.754513025283813,374414.0,294083.0
1458,22.769900798797607,374405.0,294128.0
1459,22.78528904914856,374447.0,294085.0
1460,22.800675868988037,374506.0,294134.0
1461,22.816063165664673,374543.0,294103.0
1462,22.831450939178467,374526.0,294124.0
1463,22.846838235855103,374631.0,294141.0
1464,22.864033937454224,374570.0,294119.0
1465,22.881229877471924,374620.0,294213.0
1466,22.898424863815308,374638.0,294248.0
1467,22.915621042251587,374677.0,294243.0
1468,22.932816982269287,374630.0,294246.0
1469,22.95001196861267,374692.0,294294.0
1470,22.964949131011963,374759.0,294295.0
1471,22.97988486289978,374730.0,294367.0
1472,22.994821071624756,374871.0,294413.0
1473,23.009757041931152,374872.0,294436.0
1474,23.02469301223755,374844.0,294355.0
1475,23.039628982543945,374721.0,294339.0
1476,23.054699182510376,374760.0,294323.0
1477,23.069769144058228,374618.0,294262.0
1478,23.08483910560608,374609.0,294225.0
1479,23.099907875061035,374597.0,294200.0
1480,23.114977836608887,374547.0,294233.0
1481,23.130048036575317,374626.0,294189.0
1482,23.145249128341675,374508.0,294156.0
1483,23.160449981689453,374538.0,294155.0
1484,23.175652027130127,374403.0,294183.0
1485,23.190852880477905,374474.0,294150.0
1486,23.206053972244263,374482.0,294110.0
1487,23.221256017684937,374435.0,294121.0
1488,23.238513946533203,374508.0,294130.0
1489,23.255773067474365,374388.0,294177.0
1490,23.27303194999695,374504.0,294118.0
1491,23.29029107093811,374439.0,294110.0
1492,23.307549953460693,374491.0,294123.0
1493,23.324809074401855,374407.0,294110.0
1494,23.33988380432129,374519.0,294117.0
1495,23.354957818984985,374492.0,294158.0
1496,23.370033025741577,374454.0,294068.0
1497,23.385109186172485,374520.0,294114.0
1498,23.40018391609192,374412.0,294110.0
1499,23.41525888442993,374433.0,294118.0
1500,23.43021512031555,374429.0,294095.0
1501,23.44517207145691,374483.0,294131.0
1502,23.460129022598267,374429.0,294175.0
1503,23.475085020065308,374468.0,294154.0
1504,23.490041971206665,374543.0,294170.0
1505,23.504997968673706,374478.0,294216.0
1506,23.52012300491333,374487.0,294208.0
1507,23.535248041152954,374526.0,294226.0
1508,23.550373077392578,374620.0,294247.0
1509,23.565497875213623,374570.0,294227.0
1510,23.580622911453247,374682.0,294304.0
1511,23.59574794769287,374609.0,294299.0
1512,23.613043069839478,374642.0,294327.0
1513,23.630337953567505,374660.0,294332.0
1514,23.647631883621216,374680.0,294321.0
1515,23.664927005767822,374666.0,294340.0
1516,23.68222188949585,374717.0,294379.0
1517,23.69951605796814,374718.0,294413.0
1518,23.714571237564087,374792.0,294444.0
1519,23.729625940322876,374794.0,294434.0
1520,23.744681119918823,374868.0,294476.0
1521,23.759735822677612,374895.0,294502.0
1522,23.774790048599243,374904.0,294506.0
1523,23.78984498977661,375003.0,294560.0
1524,23.804774045944214,374938.0,294574.0
1525,23.8197021484375,374889.0,294531.0
1526,23.834630012512207,374922.0,294524.0
1527,23.849558115005493,374751.0,294452.0
1528,23.8644859790802,374694.0,294377.0
1529,23.879414796829224,374671.0,294359.0
1530,23.894722938537598,374616.0,294333.0
1531,23.910030841827393,374513.0,294284.0
1532,23.925338983535767,374544.0,294283.0
1533,23.94064712524414,374491.0,294200.0
1534,23.955955028533936,374490.0,294156.0
1535,23.971264123916626,374405.0,294128.0
1536,23.98856520652771,374310.0,294057.0
1537,24.005866050720215,374290.0,293948.0
1538,24.023168087005615,374257.0,293888.0
1539,24.040470123291016,374288.0,293839.0
1540,24.0577712059021,374212.0,293809.0
1541,24.075072050094604,374248.0,293801.0
1542,24.090017080307007,374240.0,293710.0
1543,24.104960203170776,374156.0,293679.0
1544,24.119904041290283,374154.0,293656.0
1545,24.134849071502686,374099.0,293685.0
1546,24.149792194366455,374026.0,293622.0
1547,24.164736032485962,374007.0,293606.0
1548,24.179784059524536,373987.0,293560.0
1549,24.194830894470215,373969.0,293573.0
1550,24.20987820625305,374002.0,293579.0
1551,24.22492504119873,374008.0,293530.0
1552,24.23997187614441,373981.0,293569.0
1553,24.255019187927246,373964.0,293581.0
1554,24.270226001739502,374024.0,293568.0
1555,24.285433053970337,373989.0,293555.0
1556,24.300640106201172,373975.0,293563.0
1557,24.315846920013428,374017.0,293568.0
1558,24.331053972244263,374018.0,293575.0
1559,24.346261024475098,373970.0,293591.0
1560,24.363472938537598,373986.0,293572.0
1561,24.380684852600098,373991.0,293585.0
1562,24.397897005081177,373973.0,293573.0
1563,24.415110111236572,374048.0,293594.0
1564,24.432321786880493,373989.0,293602.0
1565,24.449535131454468,373976.0,293624.0
1566,24.464509963989258,374042.0,293628.0
1567,24.479485988616943,374038.0,293646.0
1568,24.49446201324463,374054.0,293637.0
1569,24.509438037872314,374060.0,293596.0
1570,24.5244140625,374176.0,293680.0
1571,24.539390087127686,374103.0,293706.0
1572,24.554492950439453,374101.0,293702.0
1573,24.5695960521698,374171.0,293738.0
1574,24.58469796180725,374169.0,293766.0
1575,24.599802017211914,374177.0,293768.0
1576,24.61490488052368,374160.0,293768.0
1577,24.630006790161133,374053.0,293695.0
1578,24.64513111114502,374083.0,293635.0
1579,24.66025400161743,373966.0,293587.0
1580,24.67537808418274,373880.0,293556.0
1581,24.69050097465515,373887.0,293492.0
1582,24.70562505722046,373845.0,293470.0
1583,24.72074794769287,373790.0,293407.0
1584,24.73800802230835,373727.0,293405.0
1585,24.75526785850525,373817.0,293373.0
1586,24.772527933120728,373747.0,293336.0
1587,24.789788007736206,373637.0,293285.0
1588,24.807048082351685,373708.0,293288.0
1589,24.824306964874268,373598.0,293250.0
1590,24.83943200111389,373548.0,293266.0
1591,24.8545560836792,373571.0,293207.0
1592,24.869681119918823,373554.0,293192.0
1593,24.88480496406555,373484.0,293189.0
1594,24.89992904663086,373514.0,293185.0
1595,24.915053844451904,373458.0,293126.0
1596,24.929980993270874,373476.0,293171.0
1597,24.944908142089844,373477.0,293114.0
1598,24.959835052490234,373449.0,293095.0
1599,24.974762201309204,373482.0,293112.0
1600,24.989688873291016,373436.0,293148.0
1601,25.004616022109985,373532.0,293184.0
1602,25.01989483833313,373475.0,293145.0
1603,25.035173892974854,373403.0,293141.0
1604,25.050453186035156,373486.0,293196.0
1605,25.0657320022583,373407.0,293174.0
1606,25.081011056900024,373481.0,293152.0
1607,25.09628987312317,373441.0,293230.0
1608,25.113615036010742,373440.0,293237.0
1609,25.130939960479736,373425.0,293235.0
1610,25.14826512336731,373487.0,293265.0
1611,25.165590047836304,373542.0,293288.0
1612,25.182914972305298,373478.0,293251.0
1613,25.200241088867188,373516.0,293295.0
1614,25.21542000770569,373569.0,293371.0
1615,25.23059892654419,373626.0,293369.0
1616,25.24577808380127,373652.0,293401.0
1617,25.26095700263977,373778.0,293414.0
1618,25.27613615989685,373663.0,293445.0
1619,25.291316032409668,373731.0,293527.0
1620,25.3060200214386,373711.0,293544.0
1621,25.320725202560425,373733.0,293550.0
1622,25.335428953170776,373822.0,293617.0
1623,25.350134134292603,373875.0,293643.0
1624,25.36483907699585,373882.0,293644.0
1625,25.379544019699097,373828.0,293685.0
1626,25.394829988479614,373949.0,293678.0
1627,25.410115957260132,373915.0,293738.0
1628,25.425402879714966,373932.0,293741.0
1629,25.44069004058838,373920.0,293731.0
1630,25.455976009368896,373819.0,293666.0
1631,25.471261978149414,373794.0,293589.0
1632,25.491055965423584,373734.0,293482.0
1633,25.510849237442017,373684.0,293479.0
1634,25.53064203262329,373640.0,293392.0
1635,25.55043601989746,373712.0,293405.0
1636,25.570229053497314,373578.0,293371.0
1637,25.590023040771484,373593.0,293377.0
1638,25.602427005767822,373572.0,293370.0
1639,25.614831924438477,373513.0,293380.0
1640,25.62723708152771,373469.0,293325.0
1641,25.639641046524048,373526.0,293347.0
1642,25.652045965194702,373557.0,293359.0
1643,25.664450883865356,373503.0,293360.0
1644,25.679537057876587,373582.0,293387.0
1645,25.694624185562134,373591.0,293403.0
1646,25.709709882736206,373532.0,293397.0
1647,25.724796056747437,373573.0,293417.0
1648,25.739883184432983,373691.0,293439.0
1649,25.75497007369995,373627.0,293436.0
1650,25.77019190788269,373576.0,293474.0
1651,25.78541398048401,373719.0,293446.0
1652,25.800636053085327,373667.0,293509.0
1653,25.815858125686646,373687.0,293536.0
1654,25.831079959869385,373764.0,293550.0
1655,25.846302032470703,373752.0,293574.0
1656,25.86352801322937,373749.0,293595.0
1657,25.880753993988037,373790.0,293629.0
1658,25.897979974746704,373830.0,293641.0
1659,25.915206909179688,373845.0,293662.0
1660,25.932432889938354,373827.0,293691.0
1661,25.9496591091156,373874.0,293691.0
1662,25.964734077453613,373903.0,293725.0
1663,25.979809999465942,373947.0,293736.0
1664,25.99488592147827,374021.0,293735.0
1665,26.00996208190918,374024.0,293771.0
1666,26.025036811828613,374028.0,293785.0
1667,26.04011297225952,374008.0,293745.0
1668,26.055315017700195,374065.0,293743.0
1669,26.070516109466553,374096.0,293749.0
1670,26.08571720123291,374113.0,293776.0
1671,26.100919008255005,374154.0,293745.0
1672,26.116119861602783,374065.0,293763.0
1673,26.13132095336914,374113.0,293734.0
1674,26.14623999595642,374121.0,293774.0
1675,26.1611590385437,374196.0,293764.0
1676,26.176076889038086,374245.0,293753.0
1677,26.19099497795105,374229.0,293791.0
1678,26.20591402053833,374234.0,293813.0
1679,26.22083306312561,374341.0,293791.0
1680,26.238627910614014,374231.0,293803.0
1681,26.25642204284668,374168.0,293731.0
1682,26.27421808242798,374132.0,293694.0
1683,26.292012929916382,374000.0,293608.0
1684,26.309808015823364,373916.0,293511.0
1685,26.327603101730347,373857.0,293462.0
1686,26.339850187301636,373830.0,293372.0
1687,26.352097034454346,373712.0,293364.0
1688,26.36434292793274,373740.0,293313.0
1689,26.37659001350403,373705.0,293268.0
1690,26.388838052749634,373569.0,293208.0
1691,26.401083946228027,373601.0,293161.0
1692,26.41606903076172,373556.0,293154.0
1693,26.43105387687683,373529.0,293089.0
1694,26.446038961410522,373531.0,293061.0
1695,26.461024045944214,373530.0,293059.0
1696,26.476009130477905,373468.0,293012.0
1697,26.490993976593018,373360.0,292999.0
1698,26.505982160568237,373398.0,292957.0
1699,26.520970106124878,373375.0,292930.0
1700,26.53595805168152,373367.0,292912.0
1701,26.550945043563843,373312.0,292884.0
1702,26.565932989120483,373313.0,292832.0
1703,26.580919981002808,373182.0,292843.0
1704,26.59834098815918,373298.0,292841.0
1705,26.61576199531555,373264.0,292856.0
1706,26.633183002471924,373268.0,292809.0
1707,26.650603771209717,373232.0,292808.0
1708,26.668025016784668,373139.0,292753.0
1709,26.68544602394104,373193.0,292705.0
1710,26.700567960739136,373297.0,292734.0
1711,26.715689182281494,373262.0,292752.0
1712,26.730809926986694,373219.0,292751.0
1713,26.745931148529053,373249.0,292738.0
1714,26.761052131652832,373196.0,292699.0
1715,26.77617383003235,373226.0,292743.0
1716,26.79124689102173,373190.0,292727.0
1717,26.806320905685425,373266.0,292718.0
1718,26.821393966674805,373155.0,292727.0
1719,26.836467027664185,373244.0,292723.0
1720,26.85154104232788,373198.0,292706.0
1721,26.866614818572998,373167.0,292710.0
1722,26.88169503211975,373285.0,292758.0
1723,26.896775007247925,373236.0,292708.0
1724,26.9118549823761,373193.0,292697.0
1725,26.92693591117859,373323.0,292751.0
1726,26.942016124725342,373324.0,292795.0
1727,26.957097053527832,373299.0,292741.0
1728,26.974387168884277,373286.0,292828.0
1729,26.991677045822144,373296.0,292729.0
1730,27.008968114852905,373177.0,292722.0
1731,27.02625799179077,373091.0,292606.0
1732,27.043548107147217,373027.0,292581.0
1733,27.060837984085083,372943.0,292511.0
1734,27.075772047042847,372847.0,292423.0
1735,27.090704917907715,372837.0,292424.0
1736,27.105638027191162,372826.0,292456.0
1737,27.120572090148926,372742.0,292390.0
1738,27.135504961013794,372759.0,292341.0
1739,27.150439023971558,372650.0,292377.0
1740,27.168132066726685,372703.0,292277.0
1741,27.18582582473755,372711.0,292251.0
1742,27.20352005958557,372729.0,292244.0
1743,27.221214056015015,372641.0,292223.0
1744,27.238908052444458,372651.0,292201.0
1745,27.2566020488739,372671.0,292212.0
1746,27.268993139266968,372598.0,292215.0
1747,27.281383991241455,372561.0,292186.0
1748,27.293776035308838,372503.0,292163.0
1749,27.30616784095764,372536.0,292130.0
1750,27.318559169769287,372430.0,292100.0
1751,27.330950021743774,372473.0,292099.0
1752,27.348381996154785,372480.0,292118.0
1753,27.36581301689148,372467.0,292073.0
1754,27.383244037628174,372469.0,292035.0
1755,27.40067481994629,372436.0,292074.0
1756,27.418106079101562,372450.0,292100.0
1757,27.435538053512573,372508.0,292129.0
1758,27.45049786567688,372472.0,292093.0
1759,27.465457916259766,372442.0,292077.0
1760,27.48041796684265,372556.0,292109.0
1761,27.495378971099854,372481.0,292094.0
1762,27.51033902168274,372494.0,292107.0
1763,27.52530002593994,372551.0,292124.0
1764,27.54032611846924,372533.0,292107.0
1765,27.555351972579956,372459.0,292152.0
1766,27.570378065109253,372529.0,292125.0
1767,27.58540391921997,372547.0,292135.0
1768,27.600430011749268,372553.0,292202.0
1769,27.61545705795288,372547.0,292169.0
1770,27.63291311264038,372539.0,292175.0
1771,27.65036916732788,372561.0,292202.0
1772,27.6678249835968,372607.0,292208.0
1773,27.685281991958618,372682.0,292220.0
1774,27.702738046646118,372653.0,292248.0
1775,27.720194816589355,372653.0,292241.0
1776,27.735193967819214,372740.0,292256.0
1777,27.75019407272339,372621.0,292242.0
1778,27.765194177627563,372489.0,292166.0
1779,27.78019380569458,372526.0,292082.0
1780,27.795193910598755,372405.0,292015.0
1781,27.81019401550293,372310.0,291989.0
1782,27.825204133987427,372336.0,291958.0
1783,27.84021306037903,372254.0,291930.0
1784,27.855222940444946,372185.0,291878.0
1785,27.870233058929443,372168.0,291796.0
1786,27.885244131088257,372099.0,291752.0
1787,27.90025305747986,372104.0,291757.0
1788,27.915307998657227,372045.0,291725.0
1789,27.93036198616028,372098.0,291684.0
1790,27.945417165756226,372039.0,291693.0
1791,27.960471868515015,371970.0,291682.0
1792,27.975526094436646,371990.0,291698.0
1793,27.990581035614014,371966.0,291673.0
1794,28.005573987960815,371982.0,291680.0
1795,28.020567893981934,371937.0,291641.0
1796,28.035561084747314,371895.0,291621.0
1797,28.050554037094116,371843.0,291627.0
1798,28.065548181533813,371926.0,291606.0
1799,28.08054208755493,371903.0,291590.0
1800,28.097963094711304,371902.0,291606.0
1801,28.115385055541992,371922.0,291600.0
1802,28.13280701637268,371842.0,291602.0
1803,28.150228023529053,371906.0,291601.0
1804,28.16764998435974,371998.0,291631.0
1805,28.185070991516113,371977.0,291655.0
1806,28.200075149536133,371874.0,291659.0
1807,28.215079069137573,372031.0,291642.0
1808,28.230082988739014,371972.0,291719.0
1809,28.245087146759033,371989.0,291697.0
1810,28.260091066360474,372031.0,291663.0
1811,28.275094032287598,372001.0,291749.0
1812,28.29016399383545,372033.0,291800.0
1813,28.305233001708984,372087.0,291791.0
1814,28.32030200958252,372076.0,291780.0
1815,28.33537220954895,372055.0,291827.0
1816,28.350440979003906,372097.0,291830.0
1817,28.36550998687744,372061.0,291848.0
1818,28.380510091781616,372166.0,291846.0
1819,28.39551019668579,372148.0,291904.0
1820,28.410509824752808,372303.0,291927.0
1821,28.425509929656982,372241.0,291922.0
1822,28.440510034561157,372282.0,291927.0
1823,28.455509185791016,372343.0,291907.0
1824,28.472913026809692,372280.0,291989.0
1825,28.490315198898315,372339.0,291998.0
1826,28.507718086242676,372278.0,291949.0
1827,28.525121212005615,372147.0,291876.0
1828,28.542525053024292,372008.0,291836.0
1829,28.559926986694336,372005.0,291691.0
1830,28.574963092803955,372036.0,291671.0
1831,28.58999800682068,371954.0,291687.0
1832,28.60503315925598,371909.0,291631.0
1833,28.620067834854126,371863.0,291573.0
1834,28.63510298728943,371875.0,291594.0
1835,28.650139093399048,371814.0,291541.0
1836,28.665127992630005,371788.0,291485.0
