,time,ir_16,ir
0,0.0,369304.0,289902.0
1,0.015221834182739258,369307.0,289947.0
2,0.030443668365478516,369268.0,289917.0
3,0.045665740966796875,369269.0,289919.0
4,0.060887813568115234,369244.0,289928.0
5,0.07611083984375,369321.0,289936.0
6,0.09085679054260254,369274.0,289904.0
7,0.10560369491577148,369261.0,289915.0
8,0.12035083770751953,369279.0,289918.0
9,0.13509678840637207,369219.0,289921.0
10,0.14984393119812012,369210.0,289938.0
11,0.16459083557128906,369274.0,289911.0
12,0.17971086502075195,369238.0,289968.0
13,0.19483065605163574,369196.0,289902.0
14,0.20995187759399414,369246.0,289883.0
15,0.22507190704345703,369228.0,289928.0
16,0.24019193649291992,369315.0,289909.0
17,0.2553129196166992,369298.0,289965.0
18,0.27289581298828125,369245.0,290003.0
19,0.2904787063598633,369322.0,289985.0
20,0.3080618381500244,369318.0,289990.0
21,0.32564473152160645,369319.0,290037.0
22,0.3432278633117676,369370.0,290039.0
23,0.3608109951019287,369450.0,290060.0
24,0.3756728172302246,369388.0,290059.0
25,0.390535831451416,369412.0,290083.0
26,0.4053969383239746,369370.0,290099.0
27,0.4202587604522705,369497.0,290137.0
28,0.4351208209991455,369462.0,290114.0
29,0.4499838352203369,369485.0,290190.0
30,0.46509385108947754,369520.0,290143.0
31,0.48020482063293457,369518.0,290160.0
32,0.4953148365020752,369617.0,290202.0
33,0.5104248523712158,369654.0,290237.0
34,0.5255358219146729,369617.0,290266.0
35,0.5406458377838135,369647.0,290270.0
36,0.5557518005371094,369766.0,290286.0
37,0.5708568096160889,369699.0,290349.0
38,0.5859630107879639,369742.0,290365.0
39,0.6010677814483643,369834.0,290382.0
40,0.6161737442016602,369812.0,290402.0
41,0.6312787532806396,369806.0,290467.0
42,0.6485648155212402,369824.0,290486.0
43,0.6658496856689453,369802.0,290472.0
44,0.6831347942352295,369690.0,290426.0
45,0.7004208564758301,369729.0,290340.0
46,0.7177059650421143,369701.0,290283.0
47,0.7349908351898193,369600.0,290251.0
48,0.7499997615814209,369562.0,290224.0
49,0.7650089263916016,369491.0,290210.0
50,0.7800178527832031,369542.0,290171.0
51,0.7950267791748047,369566.0,290181.0
52,0.8100359439849854,369615.0,290128.0
53,0.8250448703765869,369502.0,290160.0
54,0.8402309417724609,369521.0,290152.0
55,0.8554167747497559,369492.0,290145.0
56,0.8706028461456299,369449.0,290152.0
57,0.8857889175415039,369487.0,290181.0
58,0.9009747505187988,369476.0,290139.0
59,0.9161605834960938,369462.0,290164.0
60,0.930898904800415,369543.0,290140.0
61,0.9456348419189453,369486.0,290193.0
62,0.9603719711303711,369390.0,290141.0
63,0.9751098155975342,369440.0,290170.0
64,0.9898467063903809,369444.0,290125.0
65,1.0045838356018066,369500.0,290157.0
66,1.0220890045166016,369542.0,290162.0
67,1.0395948886871338,369496.0,290177.0
68,1.057100772857666,369489.0,290147.0
69,1.0746066570281982,369483.0,290176.0
70,1.0921127796173096,369487.0,290172.0
71,1.109618902206421,369499.0,290195.0
72,1.1247789859771729,369550.0,290209.0
73,1.139939785003662,369536.0,290239.0
74,1.1551008224487305,369554.0,290216.0
75,1.1702609062194824,369538.0,290289.0
76,1.1854217052459717,369602.0,290260.0
77,1.2005817890167236,369648.0,290275.0
78,1.2154209613800049,369588.0,290298.0
79,1.2302589416503906,369666.0,290298.0
80,1.2450969219207764,369646.0,290339.0
81,1.259934902191162,369660.0,290356.0
82,1.2747728824615479,369739.0,290369.0
83,1.28961181640625,369812.0,290395.0
84,1.3047397136688232,369722.0,290408.0
85,1.319868803024292,369801.0,290445.0
86,1.3349976539611816,369825.0,290446.0
87,1.3501267433166504,369805.0,290511.0
88,1.3652558326721191,369836.0,290476.0
89,1.3803846836090088,369909.0,290489.0
90,1.3977506160736084,369931.0,290540.0
91,1.4151177406311035,369897.0,290560.0
92,1.4324848651885986,369993.0,290564.0
93,1.4498507976531982,370007.0,290620.0
94,1.4672179222106934,370022.0,290665.0
95,1.484583854675293,370017.0,290659.0
96,1.4996087551116943,369965.0,290625.0
97,1.5146338939666748,369951.0,290574.0
98,1.5296587944030762,369901.0,290517.0
99,1.5446836948394775,369781.0,290412.0
100,1.559708833694458,369775.0,290448.0
101,1.574732780456543,369809.0,290391.0
102,1.5897107124328613,369745.0,290378.0
103,1.6046876907348633,369759.0,290357.0
104,1.6196649074554443,369718.0,290343.0
105,1.6346418857574463,369746.0,290339.0
106,1.6496188640594482,369626.0,290305.0
107,1.6645958423614502,369622.0,290291.0
108,1.6798248291015625,369640.0,290273.0
109,1.6950526237487793,369569.0,290307.0
110,1.7102818489074707,369604.0,290300.0
111,1.7255098819732666,369627.0,290329.0
112,1.7407376766204834,369585.0,290313.0
113,1.7559669017791748,369620.0,290298.0
114,1.7731547355651855,369670.0,290310.0
115,1.7903428077697754,369558.0,290288.0
116,1.8075308799743652,369608.0,290249.0
117,1.824718713760376,369597.0,290276.0
118,1.8419067859649658,369562.0,290285.0
119,1.8590946197509766,369605.0,290264.0
120,1.8741776943206787,369530.0,290273.0
121,1.8892607688903809,369501.0,290245.0
122,1.904343843460083,369471.0,290278.0
123,1.919426679611206,369574.0,290264.0
124,1.9345097541809082,369568.0,290313.0
125,1.9495928287506104,369544.0,290286.0
126,1.9647018909454346,369649.0,290326.0
127,1.979811668395996,369628.0,290333.0
128,1.9949209690093994,369655.0,290332.0
129,2.0100297927856445,369684.0,290380.0
130,2.025139808654785,369769.0,290386.0
131,2.040249824523926,369696.0,290413.0
132,2.057487726211548,369745.0,290386.0
133,2.0747268199920654,369747.0,290421.0
134,2.091965913772583,369774.0,290463.0
135,2.1092050075531006,369792.0,290458.0
136,2.12644362449646,369852.0,290485.0
137,2.143681764602661,369809.0,290503.0
138,2.1588387489318848,369848.0,290508.0
139,2.173995018005371,369878.0,290569.0
140,2.189150810241699,369883.0,290563.0
141,2.2043068408966064,369976.0,290583.0
142,2.2194628715515137,369975.0,290584.0
143,2.2346198558807373,369917.0,290633.0
144,2.249724864959717,370058.0,290608.0
145,2.2648298740386963,369992.0,290730.0
146,2.279935836791992,370061.0,290744.0
147,2.2950406074523926,370095.0,290716.0
148,2.310145616531372,370086.0,290716.0
149,2.325251817703247,370042.0,290732.0
150,2.340061902999878,369984.0,290651.0
151,2.3548707962036133,369910.0,290595.0
152,2.3696818351745605,369909.0,290501.0
153,2.3844916820526123,369737.0,290481.0
154,2.3993008136749268,369806.0,290474.0
155,2.414111852645874,369744.0,290449.0
156,2.429191827774048,369649.0,290403.0
157,2.4442718029022217,369689.0,290404.0
158,2.459352731704712,369646.0,290413.0
159,2.474433660507202,369628.0,290382.0
160,2.489513874053955,369604.0,290345.0
161,2.504593849182129,369648.0,290297.0
162,2.5220937728881836,369609.0,290346.0
163,2.539592981338501,369593.0,290362.0
164,2.5570929050445557,369644.0,290353.0
165,2.5745925903320312,369545.0,290329.0
166,2.5920917987823486,369566.0,290323.0
167,2.609590768814087,369527.0,290317.0
168,2.6245079040527344,369531.0,290308.0
169,2.6394238471984863,369455.0,290292.0
170,2.6543397903442383,369464.0,290278.0
171,2.6692569255828857,369452.0,290249.0
172,2.6841726303100586,369464.0,290290.0
173,2.6990888118743896,369514.0,290274.0
174,2.714179754257202,369474.0,290263.0
175,2.7292706966400146,369457.0,290331.0
176,2.74436092376709,369529.0,290340.0
177,2.7594518661499023,369612.0,290321.0
178,2.774542808532715,369561.0,290322.0
179,2.789632797241211,369576.0,290342.0
180,2.804729700088501,369572.0,290329.0
181,2.81982684135437,369566.0,290404.0
182,2.834923028945923,369589.0,290367.0
183,2.850019693374634,369595.0,290405.0
184,2.865116834640503,369597.0,290411.0
185,2.8802130222320557,369629.0,290429.0
186,2.8975367546081543,369655.0,290457.0
187,2.914860725402832,369688.0,290502.0
188,2.9321858882904053,369713.0,290483.0
189,2.949509859085083,369751.0,290501.0
190,2.9668338298797607,369761.0,290528.0
191,2.984156847000122,369777.0,290529.0
192,2.9992740154266357,369903.0,290545.0
193,3.0143916606903076,369850.0,290549.0
194,3.0295088291168213,369875.0,290569.0
195,3.0446248054504395,369923.0,290626.0
196,3.0597429275512695,369910.0,290648.0
197,3.074859619140625,369983.0,290707.0
198,3.089956760406494,369978.0,290683.0
199,3.1050548553466797,369960.0,290695.0
200,3.1201517581939697,369974.0,290720.0
201,3.1352498531341553,370017.0,290714.0
202,3.1503477096557617,369955.0,290680.0
203,3.165444850921631,369879.0,290633.0
204,3.1826298236846924,369861.0,290581.0
205,3.199814796447754,369765.0,290527.0
206,3.2169997692108154,369775.0,290493.0
207,3.234184980392456,369730.0,290515.0
208,3.2513699531555176,369716.0,290453.0
209,3.268554925918579,369684.0,290444.0
210,3.283733606338501,369660.0,290442.0
211,3.298912763595581,369676.0,290393.0
212,3.314091682434082,369617.0,290394.0
213,3.329270601272583,369676.0,290327.0
214,3.344449758529663,369596.0,290413.0
215,3.3596296310424805,369555.0,290382.0
216,3.3747358322143555,369538.0,290402.0
217,3.3898417949676514,369549.0,290345.0
218,3.4049479961395264,369523.0,290376.0
219,3.420053720474243,369517.0,290397.0
220,3.435159683227539,369513.0,290337.0
221,3.4502668380737305,369474.0,290397.0
222,3.465364933013916,369536.0,290337.0
223,3.4804627895355225,369471.0,290346.0
224,3.4955618381500244,369580.0,290340.0
225,3.510659694671631,369512.0,290342.0
226,3.5257577896118164,369535.0,290331.0
227,3.5408568382263184,369460.0,290311.0
228,3.5580480098724365,369492.0,290363.0
229,3.575239896774292,369548.0,290348.0
230,3.5924317836761475,369540.0,290323.0
231,3.609623670578003,369528.0,290358.0
232,3.6268160343170166,369509.0,290413.0
233,3.644007921218872,369549.0,290393.0
234,3.659126043319702,369460.0,290408.0
235,3.674243688583374,369538.0,290416.0
236,3.689361810684204,369564.0,290451.0
237,3.704479932785034,369580.0,290456.0
238,3.719597816467285,369643.0,290424.0
239,3.7347168922424316,369720.0,290453.0
240,3.749936819076538,369690.0,290511.0
241,3.7651567459106445,369691.0,290505.0
242,3.780376672744751,369792.0,290505.0
243,3.7955968379974365,369757.0,290525.0
244,3.810816764831543,369758.0,290573.0
245,3.8260369300842285,369744.0,290543.0
246,3.840855836868286,369803.0,290557.0
247,3.8556737899780273,369746.0,290583.0
248,3.870492935180664,369876.0,290592.0
249,3.8853118419647217,369839.0,290627.0
250,3.9001307487487793,369785.0,290679.0
251,3.914949893951416,369944.0,290672.0
252,3.930060625076294,369916.0,290672.0
253,3.9451730251312256,369901.0,290716.0
254,3.960284948348999,369881.0,290615.0
255,3.9753968715667725,369917.0,290562.0
256,3.9905076026916504,369748.0,290499.0
257,4.005620002746582,369727.0,290483.0
258,4.023069858551025,369643.0,290436.0
259,4.040520906448364,369562.0,290404.0
260,4.057970762252808,369631.0,290393.0
261,4.07542085647583,369559.0,290390.0
262,4.0928709506988525,369518.0,290388.0
263,4.110320806503296,369466.0,290332.0
264,4.125223875045776,369509.0,290289.0
265,4.14012598991394,369445.0,290312.0
266,4.155028820037842,369471.0,290290.0
267,4.169931650161743,369432.0,290295.0
268,4.184833765029907,369408.0,290298.0
269,4.199736833572388,369395.0,290244.0
270,4.214831829071045,369387.0,290212.0
271,4.2299277782440186,369400.0,290167.0
272,4.245023965835571,369288.0,290130.0
273,4.260119676589966,369313.0,290083.0
274,4.2752158641815186,369269.0,290079.0
275,4.290311813354492,369254.0,290017.0
276,4.305405855178833,369234.0,289970.0
277,4.32050085067749,369264.0,289970.0
278,4.335595607757568,369146.0,289943.0
279,4.350690841674805,369202.0,289959.0
280,4.365785837173462,369218.0,289947.0
281,4.380880832672119,369060.0,289971.0
282,4.398172855377197,369182.0,289926.0
283,4.415465831756592,369133.0,289925.0
284,4.43275785446167,369196.0,289979.0
285,4.4500508308410645,369209.0,289964.0
286,4.467342853546143,369265.0,290005.0
287,4.484635829925537,369219.0,290004.0
288,4.499638795852661,369258.0,290013.0
289,4.514643907546997,369370.0,290039.0
290,4.5296478271484375,369272.0,290042.0
291,4.544651031494141,369317.0,290038.0
292,4.5596559047698975,369342.0,290067.0
293,4.574659824371338,369333.0,290119.0
294,4.589862823486328,369279.0,290108.0
295,4.605065822601318,369349.0,290120.0
296,4.620268821716309,369425.0,290120.0
297,4.635472774505615,369396.0,290169.0
298,4.650676012039185,369470.0,290179.0
299,4.665878772735596,369486.0,290300.0
300,4.68067479133606,369569.0,290334.0
301,4.695469856262207,369555.0,290384.0
302,4.710265874862671,369611.0,290416.0
303,4.725060701370239,369731.0,290437.0
304,4.739856719970703,369726.0,290495.0
305,4.754651784896851,369709.0,290459.0
306,4.772152662277222,369653.0,290460.0
307,4.789653778076172,369640.0,290354.0
308,4.807154893875122,369517.0,290337.0
309,4.824654817581177,369487.0,290341.0
310,4.842155694961548,369366.0,290219.0
311,4.859655857086182,369381.0,290245.0
312,4.874652862548828,369318.0,290261.0
313,4.889649868011475,369398.0,290204.0
314,4.904645919799805,369292.0,290202.0
315,4.919641733169556,369325.0,290193.0
316,4.934638738632202,369349.0,290206.0
317,4.949634790420532,369399.0,290155.0
318,4.964643716812134,369305.0,290176.0
319,4.9796528816223145,369368.0,290172.0
320,4.9946608543396,369375.0,290168.0
321,5.009668827056885,369384.0,290232.0
322,5.024677753448486,369339.0,290151.0
323,5.039686918258667,369392.0,290187.0
324,5.054788827896118,369346.0,290185.0
325,5.069890737533569,369314.0,290194.0
326,5.0849926471710205,369336.0,290204.0
327,5.100093841552734,369337.0,290162.0
328,5.115196943283081,369288.0,290199.0
329,5.130298852920532,369331.0,290213.0
330,5.147697925567627,369302.0,290244.0
331,5.165095806121826,369437.0,290236.0
332,5.182495832443237,369410.0,290228.0
333,5.199894666671753,369446.0,290224.0
334,5.217292785644531,369423.0,290223.0
335,5.234691858291626,369391.0,290238.0
336,5.249600648880005,369312.0,290248.0
337,5.264509916305542,369369.0,290289.0
338,5.279418706893921,369422.0,290237.0
339,5.294327735900879,369456.0,290288.0
340,5.309237003326416,369463.0,290301.0
341,5.3241448402404785,369422.0,290328.0
342,5.3392298221588135,369502.0,290362.0
343,5.3543150424957275,369554.0,290359.0
344,5.369399785995483,369546.0,290382.0
345,5.384484767913818,369593.0,290402.0
346,5.399569749832153,369617.0,290394.0
347,5.414653778076172,369626.0,290441.0
348,5.429858684539795,369592.0,290438.0
349,5.445063829421997,369767.0,290462.0
350,5.460267782211304,369634.0,290490.0
351,5.47547173500061,369733.0,290500.0
352,5.4906768798828125,369798.0,290490.0
353,5.505880832672119,369839.0,290586.0
354,5.523091793060303,369916.0,290585.0
355,5.540302753448486,369845.0,290628.0
356,5.557513952255249,369813.0,290580.0
357,5.574723720550537,369845.0,290589.0
358,5.5919349193573,369726.0,290491.0
359,5.609145879745483,369614.0,290436.0
360,5.624232769012451,369613.0,290380.0
361,5.639319658279419,369599.0,290365.0
362,5.654405832290649,369524.0,290348.0
363,5.669493913650513,369508.0,290344.0
364,5.6845808029174805,369553.0,290258.0
365,5.699667930603027,369462.0,290280.0
366,5.7147746086120605,369450.0,290275.0
367,5.7298808097839355,369459.0,290234.0
368,5.744987726211548,369403.0,290236.0
369,5.760094881057739,369474.0,290225.0
370,5.775201797485352,369419.0,290228.0
371,5.7903077602386475,369400.0,290259.0
372,5.807524681091309,369344.0,290226.0
373,5.824741840362549,369407.0,290279.0
374,5.8419578075408936,369374.0,290261.0
375,5.859173774719238,369347.0,290275.0
376,5.8763909339904785,369443.0,290251.0
377,5.89360785484314,369406.0,290298.0
378,5.90898585319519,369436.0,290272.0
379,5.924364805221558,369506.0,290293.0
380,5.939742803573608,369518.0,290335.0
381,5.955121755599976,369491.0,290337.0
382,5.970500707626343,369557.0,290353.0
383,5.98587965965271,369504.0,290385.0
384,6.000755786895752,369499.0,290422.0
385,6.015631914138794,369554.0,290452.0
386,6.030507802963257,369546.0,290491.0
387,6.045383930206299,369597.0,290500.0
388,6.060259819030762,369542.0,290525.0
389,6.075136661529541,369647.0,290579.0
390,6.0900938510894775,369611.0,290590.0
391,6.105051755905151,369725.0,290596.0
392,6.120009899139404,369728.0,290627.0
393,6.134966611862183,369730.0,290674.0
394,6.1499247550964355,369813.0,290685.0
395,6.1648828983306885,369798.0,290700.0
396,6.179927825927734,369896.0,290723.0
397,6.194973945617676,369891.0,290716.0
398,6.210019826889038,369999.0,290739.0
399,6.2250659465789795,369927.0,290792.0
400,6.240111827850342,369955.0,290735.0
401,6.255156993865967,369981.0,290760.0
402,6.272623777389526,369978.0,290797.0
403,6.290089845657349,369968.0,290792.0
404,6.307556867599487,370003.0,290817.0
405,6.32502293586731,370027.0,290849.0
406,6.342488765716553,369957.0,290870.0
407,6.359954833984375,369978.0,290809.0
408,6.374987602233887,369958.0,290749.0
409,6.390019655227661,369834.0,290699.0
410,6.405052900314331,369772.0,290617.0
411,6.4200849533081055,369814.0,290601.0
412,6.435116767883301,369683.0,290582.0
413,6.450148820877075,369646.0,290559.0
414,6.465145826339722,369624.0,290475.0
415,6.480141639709473,369604.0,290447.0
416,6.495137691497803,369575.0,290412.0
417,6.510133981704712,369546.0,290413.0
418,6.525129795074463,369553.0,290387.0
419,6.540125846862793,369486.0,290371.0
420,6.555271863937378,369506.0,290395.0
421,6.570415735244751,369510.0,290369.0
422,6.5855607986450195,369446.0,290311.0
423,6.6007068157196045,369528.0,290347.0
424,6.615850925445557,369440.0,290333.0
425,6.630995988845825,369435.0,290358.0
426,6.648484706878662,369405.0,290324.0
427,6.665972948074341,369506.0,290341.0
428,6.683461904525757,369449.0,290297.0
429,6.700949668884277,369442.0,290278.0
430,6.718437910079956,369410.0,290284.0
431,6.735926628112793,369403.0,290314.0
432,6.750757932662964,369386.0,290239.0
433,6.765589714050293,369413.0,290303.0
434,6.780421733856201,369430.0,290288.0
435,6.7952539920806885,369394.0,290323.0
436,6.810085773468018,369432.0,290299.0
437,6.824916839599609,369397.0,290349.0
438,6.840107679367065,369463.0,290312.0
439,6.855297803878784,369492.0,290355.0
440,6.870487689971924,369504.0,290341.0
441,6.885677814483643,369508.0,290333.0
442,6.900867700576782,369551.0,290397.0
443,6.916057825088501,369527.0,290437.0
444,6.930909872055054,369564.0,290379.0
445,6.945760726928711,369631.0,290399.0
446,6.960611820220947,369550.0,290381.0
447,6.9754638671875,369623.0,290446.0
448,6.990314960479736,369602.0,290434.0
449,7.0051658153533936,369627.0,290453.0
450,7.022684812545776,369551.0,290449.0
451,7.040202856063843,369647.0,290484.0
452,7.057721853256226,369640.0,290503.0
453,7.075240850448608,369616.0,290508.0
454,7.092758655548096,369739.0,290538.0
455,7.110277891159058,369728.0,290574.0
456,7.125239849090576,369714.0,290561.0
457,7.14020299911499,369686.0,290522.0
458,7.155165910720825,369654.0,290442.0
459,7.170127868652344,369526.0,290351.0
460,7.185090780258179,369462.0,290299.0
461,7.200053930282593,369410.0,290258.0
462,7.215275049209595,369362.0,290217.0
463,7.230496644973755,369351.0,290162.0
464,7.245717763900757,369360.0,290124.0
465,7.260939598083496,369286.0,290137.0
466,7.276160717010498,369201.0,290095.0
467,7.2913818359375,369187.0,290068.0
468,7.30618691444397,369138.0,290079.0
469,7.320990800857544,369138.0,289992.0
470,7.335794925689697,369125.0,290024.0
471,7.350599765777588,369113.0,290023.0
472,7.365403890609741,369139.0,290020.0
473,7.380207777023315,369117.0,290007.0
474,7.397730827331543,369141.0,289992.0
475,7.415251970291138,369073.0,290006.0
476,7.43277382850647,369108.0,289971.0
477,7.450296640396118,369052.0,289957.0
478,7.467818021774292,369054.0,289952.0
479,7.48534083366394,369024.0,289929.0
480,7.50051474571228,369070.0,289932.0
481,7.515689849853516,369057.0,289907.0
482,7.530865907669067,369017.0,289880.0
483,7.546039819717407,369059.0,289930.0
484,7.561214923858643,368999.0,289957.0
485,7.576389789581299,369039.0,289954.0
486,7.59123682975769,369025.0,289946.0
487,7.606083869934082,369062.0,289944.0
488,7.6209306716918945,369069.0,289987.0
489,7.63577675819397,369146.0,290013.0
490,7.65062403678894,369112.0,289987.0
491,7.665470838546753,369128.0,290033.0
492,7.680522918701172,369164.0,290024.0
493,7.695574760437012,369160.0,290025.0
494,7.710626840591431,369261.0,290029.0
495,7.7256786823272705,369250.0,290094.0
496,7.7407307624816895,369234.0,290093.0
497,7.755782842636108,369164.0,290119.0
498,7.7732579708099365,369298.0,290085.0
499,7.7907326221466064,369298.0,290141.0
500,7.808207750320435,369297.0,290135.0
501,7.825682878494263,369345.0,290163.0
502,7.843157768249512,369399.0,290184.0
503,7.860632658004761,369365.0,290219.0
504,7.875562906265259,369424.0,290218.0
505,7.890493869781494,369527.0,290297.0
506,7.905423879623413,369448.0,290259.0
507,7.920354843139648,369453.0,290303.0
508,7.935284852981567,369384.0,290221.0
509,7.950215816497803,369223.0,290118.0
510,7.965317726135254,369272.0,290053.0
511,7.980420827865601,369151.0,290015.0
512,7.995522737503052,369103.0,289971.0
513,8.01062560081482,369028.0,289913.0
514,8.025728702545166,369029.0,289918.0
515,8.040830850601196,368938.0,289900.0
516,8.055931806564331,368974.0,289860.0
517,8.07103180885315,368970.0,289833.0
518,8.086133003234863,368898.0,289849.0
519,8.101233959197998,368876.0,289770.0
520,8.116333723068237,368924.0,289749.0
521,8.131434917449951,368868.0,289757.0
522,8.14873194694519,368835.0,289706.0
523,8.166029691696167,368878.0,289779.0
524,8.183327913284302,368843.0,289733.0
525,8.200624704360962,368829.0,289773.0
526,8.217922687530518,368852.0,289748.0
527,8.235220909118652,368756.0,289743.0
528,8.250192880630493,368753.0,289712.0
529,8.265164613723755,368802.0,289687.0
530,8.280136823654175,368817.0,289742.0
531,8.295108795166016,368795.0,289672.0
532,8.310080766677856,368821.0,289672.0
533,8.325053930282593,368832.0,289774.0
534,8.340283870697021,368805.0,289733.0
535,8.355514764785767,368867.0,289722.0
536,8.37074589729309,368958.0,289719.0
537,8.38597583770752,368862.0,289767.0
538,8.401206731796265,368881.0,289772.0
539,8.416437864303589,368969.0,289805.0
540,8.431228876113892,368949.0,289799.0
541,8.446019649505615,368988.0,289791.0
542,8.460810899734497,368941.0,289827.0
543,8.475600719451904,368973.0,289864.0
544,8.490391731262207,368971.0,289814.0
545,8.505182981491089,369006.0,289866.0
546,8.52267861366272,369029.0,289876.0
547,8.540175914764404,368987.0,289895.0
548,8.557671785354614,369072.0,289894.0
549,8.575167894363403,369161.0,289955.0
550,8.592663764953613,369176.0,289980.0
551,8.610160827636719,369175.0,289981.0
552,8.625149965286255,369190.0,290017.0
553,8.640139818191528,369176.0,290014.0
554,8.655129671096802,369284.0,290014.0
555,8.670119762420654,369302.0,290063.0
556,8.685109853744507,369281.0,290092.0
557,8.700098752975464,369296.0,290096.0
558,8.715280771255493,369258.0,290048.0
559,8.730462789535522,369218.0,289997.0
560,8.745644807815552,369101.0,289928.0
561,8.760826826095581,369013.0,289868.0
562,8.77600884437561,368979.0,289816.0
563,8.79119062423706,368982.0,289774.0
564,8.806078910827637,368913.0,289749.0
565,8.82096791267395,368919.0,289725.0
566,8.835855722427368,368887.0,289697.0
567,8.850744724273682,368893.0,289718.0
568,8.865633726119995,368844.0,289685.0
569,8.880522012710571,368809.0,289660.0
570,8.897879838943481,368902.0,289628.0
571,8.915236711502075,368774.0,289599.0
572,8.932593822479248,368842.0,289647.0
573,8.949950933456421,368834.0,289591.0
574,8.967307806015015,368761.0,289633.0
575,8.984665870666504,368685.0,289638.0
576,8.999583959579468,368777.0,289631.0
577,9.014501810073853,368759.0,289622.0
578,9.029420614242554,368693.0,289639.0
579,9.044339895248413,368773.0,289604.0
580,9.059257745742798,368734.0,289635.0
581,9.074175834655762,368774.0,289614.0
582,9.089263916015625,368783.0,289612.0
583,9.104351997375488,368798.0,289587.0
584,9.119439840316772,368789.0,289650.0
585,9.13452696800232,368776.0,289605.0
586,9.149614810943604,368788.0,289642.0
587,9.164702892303467,368790.0,289643.0
588,9.179906845092773,368793.0,289676.0
589,9.19511079788208,368856.0,289638.0
590,9.210315704345703,368828.0,289698.0
591,9.225520849227905,368767.0,289728.0
592,9.240724802017212,368884.0,289712.0
593,9.255928754806519,368948.0,289729.0
594,9.273135900497437,368962.0,289777.0
595,9.290341854095459,368988.0,289763.0
596,9.307547807693481,368983.0,289793.0
597,9.324753761291504,368993.0,289820.0
598,9.341959953308105,369024.0,289833.0
599,9.359166860580444,369106.0,289904.0
600,9.374250888824463,369095.0,289833.0
601,9.389334678649902,369173.0,289925.0
602,9.404418706893921,369162.0,289901.0
603,9.419503688812256,369166.0,289916.0
604,9.434587717056274,369200.0,289898.0
605,9.449671745300293,369230.0,290018.0
606,9.464778900146484,369175.0,289994.0
607,9.479885816574097,369295.0,290066.0
608,9.494993925094604,369297.0,290055.0
609,9.510100841522217,369146.0,289996.0
610,9.525206804275513,369204.0,289933.0
611,9.54031491279602,369123.0,289856.0
612,9.555208921432495,369061.0,289846.0
613,9.57010269165039,369026.0,289768.0
614,9.58499789237976,369028.0,289707.0
615,9.599891901016235,368967.0,289739.0
616,9.61478567123413,368962.0,289696.0
617,9.629680871963501,368929.0,289674.0
618,9.647194862365723,368889.0,289679.0
619,9.66470980644226,368844.0,289638.0
620,9.682224750518799,368870.0,289654.0
621,9.699739933013916,368869.0,289629.0
622,9.717254877090454,368752.0,289646.0
623,9.734769821166992,368824.0,289625.0
624,9.749766826629639,368814.0,289649.0
625,9.764763832092285,368793.0,289662.0
626,9.779760837554932,368848.0,289651.0
627,9.794757843017578,368803.0,289652.0
628,9.809754848480225,368817.0,289625.0
629,9.824751853942871,368838.0,289651.0
630,9.839712619781494,368908.0,289639.0
631,9.854673862457275,368854.0,289625.0
632,9.869634628295898,368846.0,289603.0
633,9.88459587097168,368840.0,289663.0
634,9.899556875228882,368836.0,289660.0
635,9.914517641067505,368863.0,289661.0
636,9.929556846618652,368809.0,289675.0
637,9.944597721099854,368874.0,289691.0
638,9.959637641906738,368825.0,289714.0
639,9.974676847457886,368896.0,289714.0
640,9.989717721939087,368915.0,289754.0
641,10.004757642745972,368974.0,289755.0
642,10.022250890731812,368945.0,289802.0
643,10.03974461555481,368962.0,289863.0
644,10.05723762512207,369030.0,289879.0
645,10.074731588363647,369090.0,289849.0
646,10.092224597930908,369117.0,289886.0
647,10.109717607498169,369106.0,289870.0
648,10.124634742736816,369209.0,289878.0
649,10.139551877975464,369154.0,289929.0
650,10.154468774795532,369189.0,289927.0
651,10.16938591003418,369234.0,289941.0
652,10.184301853179932,369287.0,289995.0
653,10.199218988418579,369224.0,289986.0
654,10.214303016662598,369257.0,289961.0
655,10.22938585281372,369323.0,290072.0
656,10.24446988105774,369280.0,290089.0
657,10.259552717208862,369408.0,290120.0
658,10.274635791778564,369443.0,290143.0
659,10.289719820022583,369474.0,290138.0
660,10.304825782775879,369392.0,290077.0
661,10.319931745529175,369370.0,290015.0
662,10.335038900375366,369268.0,289931.0
663,10.350145816802979,369203.0,289926.0
664,10.365251779556274,369196.0,289902.0
665,10.38035774230957,369153.0,289859.0
666,10.397664785385132,369080.0,289804.0
667,10.414971828460693,369053.0,289814.0
668,10.432278633117676,369068.0,289770.0
669,10.449585914611816,368953.0,289754.0
670,10.466892719268799,368958.0,289776.0
671,10.484198808670044,368973.0,289736.0
672,10.499287843704224,368973.0,289673.0
673,10.514376878738403,368960.0,289744.0
674,10.529464721679688,368934.0,289683.0
675,10.54455280303955,368944.0,289738.0
676,10.55964183807373,368966.0,289714.0
677,10.57473087310791,368998.0,289722.0
678,10.58984088897705,368988.0,289728.0
679,10.604950666427612,368963.0,289729.0
680,10.620060920715332,368932.0,289684.0
681,10.635170698165894,368983.0,289720.0
682,10.650280952453613,368957.0,289727.0
683,10.665391683578491,368956.0,289720.0
684,10.68028974533081,368964.0,289769.0
685,10.695188999176025,368889.0,289750.0
686,10.710087776184082,368949.0,289758.0
687,10.724986791610718,368909.0,289761.0
688,10.739885807037354,369034.0,289740.0
689,10.75478458404541,368990.0,289805.0
690,10.772290706634521,369057.0,289834.0
691,10.78979778289795,369046.0,289809.0
692,10.807304859161377,369166.0,289888.0
693,10.824810981750488,369122.0,289864.0
694,10.842317819595337,369115.0,289890.0
695,10.859824895858765,369196.0,289905.0
696,10.874822854995728,369206.0,289952.0
697,10.88982081413269,369141.0,289931.0
698,10.904818773269653,369218.0,289937.0
699,10.919816970825195,369244.0,289950.0
700,10.934814929962158,369255.0,290040.0
701,10.949813842773438,369334.0,290026.0
702,10.965015649795532,369354.0,290039.0
703,10.980217695236206,369313.0,290059.0
704,10.99541974067688,369378.0,290097.0
705,11.010621786117554,369424.0,290145.0
706,11.025823831558228,369475.0,290175.0
707,11.041026830673218,369533.0,290164.0
708,11.055819749832153,369579.0,290229.0
709,11.070613622665405,369569.0,290271.0
710,11.085407972335815,369576.0,290280.0
711,11.100200891494751,369588.0,290239.0
712,11.114994764328003,369492.0,290154.0
713,11.129788875579834,369435.0,290083.0
714,11.147274017333984,369354.0,290045.0
715,11.164758682250977,369245.0,290001.0
716,11.182244777679443,369253.0,289971.0
717,11.199729919433594,369272.0,289969.0
718,11.217214822769165,369271.0,289943.0
719,11.234700679779053,369224.0,289917.0
720,11.249916791915894,369183.0,289922.0
721,11.265132665634155,369155.0,289902.0
722,11.280349969863892,369166.0,289920.0
723,11.295565843582153,369214.0,289883.0
724,11.310781955718994,369189.0,289895.0
725,11.325997829437256,369163.0,289894.0
726,11.340788841247559,369249.0,289917.0
727,11.355578899383545,369199.0,289870.0
728,11.370368719100952,369149.0,289917.0
729,11.385159969329834,369169.0,289917.0
730,11.399949789047241,369169.0,289903.0
731,11.414739847183228,369090.0,289844.0
732,11.429857730865479,369129.0,289904.0
733,11.444975852966309,369155.0,289872.0
734,11.460092782974243,369061.0,289885.0
735,11.475209951400757,369168.0,289931.0
736,11.490327835083008,369154.0,289878.0
737,11.505444765090942,369133.0,289917.0
738,11.522852897644043,369155.0,289926.0
739,11.540259838104248,369288.0,289921.0
740,11.557666778564453,369204.0,289914.0
741,11.575073719024658,369217.0,289983.0
742,11.592480659484863,369341.0,289976.0
743,11.609887838363647,369305.0,289995.0
744,11.624891757965088,369340.0,290003.0
745,11.639895677566528,369299.0,289991.0
746,11.654899835586548,369351.0,290082.0
747,11.669903755187988,369350.0,290052.0
748,11.684907674789429,369459.0,290112.0
749,11.699911832809448,369454.0,290109.0
750,11.715010643005371,369428.0,290129.0
751,11.730109930038452,369486.0,290137.0
752,11.745208740234375,369473.0,290155.0
753,11.76030683517456,369538.0,290198.0
754,11.775406837463379,369586.0,290236.0
755,11.79050588607788,369676.0,290228.0
756,11.805585861206055,369623.0,290248.0
757,11.820665836334229,369623.0,290253.0
758,11.835744619369507,369692.0,290305.0
759,11.85082483291626,369670.0,290364.0
760,11.865904808044434,369774.0,290347.0
761,11.880984783172607,369745.0,290367.0
762,11.898197650909424,369736.0,290353.0
763,11.91541075706482,369582.0,290312.0
764,11.93262267112732,369569.0,290252.0
765,11.949835777282715,369519.0,290232.0
766,11.96704888343811,369537.0,290170.0
767,11.98426079750061,369528.0,290125.0
768,11.999369859695435,369433.0,290120.0
769,12.01447868347168,369455.0,290146.0
770,12.029586791992188,369482.0,290103.0
771,12.044695615768433,369476.0,290073.0
772,12.059804916381836,369465.0,290075.0
773,12.074912786483765,369506.0,290085.0
774,12.090116739273071,369487.0,290074.0
775,12.10531997680664,369420.0,290057.0
776,12.12052297592163,369491.0,290086.0
777,12.135725736618042,369414.0,290087.0
778,12.150928735733032,369355.0,290088.0
779,12.166132926940918,369432.0,290073.0
780,12.18092966079712,369433.0,290093.0
781,12.195726871490479,369345.0,290087.0
782,12.210523843765259,369388.0,290085.0
783,12.225320816040039,369393.0,290115.0
784,12.240118026733398,369402.0,290096.0
785,12.2549147605896,369442.0,290103.0
786,12.272403955459595,369533.0,290112.0
787,12.289891719818115,369455.0,290152.0
788,12.30738091468811,369465.0,290125.0
789,12.324869871139526,369553.0,290163.0
790,12.342357635498047,369420.0,290131.0
791,12.359846830368042,369521.0,290173.0
792,12.374867916107178,369550.0,290213.0
793,12.389888763427734,369503.0,290208.0
794,12.404910802841187,369479.0,290185.0
795,12.419932842254639,369602.0,290237.0
796,12.434953927993774,369603.0,290242.0
797,12.449974775314331,369521.0,290262.0
798,12.464932680130005,369663.0,290295.0
799,12.479890823364258,369658.0,290319.0
800,12.494848728179932,369732.0,290312.0
801,12.509806871414185,369712.0,290323.0
802,12.524764776229858,369793.0,290360.0
803,12.539722919464111,369775.0,290404.0
804,12.55486273765564,369809.0,290397.0
805,12.570003986358643,369866.0,290403.0
806,12.585144758224487,369861.0,290414.0
807,12.600285768508911,369850.0,290474.0
808,12.615426778793335,369917.0,290466.0
809,12.630566835403442,369930.0,290534.0
810,12.647831678390503,370028.0,290537.0
811,12.665096998214722,369983.0,290588.0
812,12.682361841201782,369901.0,290561.0
813,12.699625968933105,369988.0,290555.0
814,12.716890811920166,369866.0,290518.0
815,12.734155654907227,369795.0,290390.0
816,12.74917459487915,369756.0,290359.0
817,12.764195680618286,369784.0,290388.0
818,12.779214859008789,369740.0,290357.0
819,12.79423475265503,369689.0,290342.0
820,12.809255838394165,369737.0,290292.0
821,12.824274778366089,369694.0,290329.0
822,12.83936071395874,369662.0,290288.0
823,12.854447841644287,369659.0,290265.0
824,12.869532823562622,369628.0,290257.0
825,12.884618997573853,369536.0,290261.0
826,12.89970588684082,369615.0,290267.0
827,12.914791822433472,369624.0,290244.0
828,12.929993867874146,369595.0,290261.0
829,12.945196628570557,369605.0,290268.0
830,12.960399866104126,369532.0,290273.0
831,12.9756019115448,369648.0,290283.0
832,12.99080491065979,369616.0,290221.0
833,13.006007671356201,369662.0,290281.0
834,13.023230791091919,369619.0,290207.0
835,13.040454864501953,369579.0,290234.0
836,13.057678699493408,369549.0,290219.0
837,13.074901580810547,369651.0,290250.0
838,13.09212589263916,369654.0,290229.0
839,13.109348773956299,369629.0,290272.0
840,13.12442398071289,369598.0,290245.0
841,13.139498949050903,369576.0,290245.0
842,13.15457272529602,369638.0,290286.0
843,13.169647693634033,369687.0,290308.0
844,13.184722900390625,369628.0,290311.0
845,13.199797868728638,369667.0,290350.0
846,13.214890003204346,369718.0,290358.0
847,13.229982852935791,369684.0,290320.0
848,13.245074987411499,369754.0,290420.0
849,13.260167837142944,369757.0,290358.0
850,13.275259733200073,369778.0,290412.0
851,13.290352821350098,369885.0,290413.0
852,13.305269002914429,369835.0,290421.0
853,13.320184707641602,369861.0,290466.0
854,13.335100889205933,369894.0,290470.0
855,13.350016593933105,369919.0,290492.0
856,13.364932775497437,369904.0,290465.0
857,13.379849910736084,369880.0,290490.0
858,13.397342920303345,369986.0,290517.0
859,13.414836883544922,369986.0,290588.0
860,13.432330846786499,370051.0,290579.0
861,13.449824810028076,370080.0,290635.0
862,13.467318773269653,370091.0,290642.0
863,13.484811782836914,370098.0,290642.0
864,13.499871015548706,370014.0,290625.0
865,13.51492977142334,370001.0,290568.0
866,13.529988765716553,369890.0,290465.0
867,13.545047760009766,369903.0,290444.0
868,13.560106992721558,369791.0,290372.0
869,13.57516598701477,369823.0,290352.0
870,13.590012788772583,369755.0,290369.0
871,13.604859828948975,369740.0,290354.0
872,13.619706869125366,369638.0,290350.0
873,13.634553670883179,369671.0,290290.0
874,13.64940071105957,369624.0,290308.0
875,13.664246797561646,369604.0,290324.0
876,13.679337978363037,369666.0,290252.0
877,13.69442892074585,369675.0,290307.0
878,13.709519863128662,369676.0,290312.0
879,13.724610805511475,369682.0,290310.0
880,13.739701986312866,369762.0,290294.0
881,13.754792928695679,369622.0,290260.0
882,13.772377729415894,369700.0,290292.0
883,13.789963006973267,369591.0,290285.0
884,13.807547807693481,369653.0,290288.0
885,13.825132608413696,369609.0,290276.0
886,13.842718839645386,369626.0,290258.0
887,13.86030387878418,369620.0,290244.0
888,13.875237703323364,369644.0,290266.0
889,13.890171766281128,369598.0,290254.0
890,13.905105829238892,369572.0,290228.0
891,13.920039892196655,369574.0,290273.0
892,13.934973955154419,369626.0,290285.0
893,13.949907779693604,369594.0,290268.0
894,13.964947938919067,369618.0,290234.0
895,13.979988813400269,369630.0,290231.0
896,13.995027780532837,369658.0,290240.0
897,14.0100679397583,369653.0,290255.0
898,14.025108814239502,369798.0,290284.0
899,14.04014778137207,369709.0,290297.0
900,14.055270910263062,369759.0,290330.0
901,14.070392847061157,369737.0,290349.0
902,14.085515022277832,369759.0,290386.0
903,14.100636959075928,369747.0,290410.0
904,14.115758657455444,369826.0,290397.0
905,14.13088059425354,369834.0,290417.0
906,14.14816689491272,369781.0,290430.0
907,14.165452718734741,369884.0,290422.0
908,14.182738780975342,369894.0,290432.0
909,14.200024843215942,369929.0,290487.0
910,14.217310905456543,369965.0,290512.0
911,14.234595775604248,370033.0,290532.0
912,14.249699831008911,370014.0,290562.0
913,14.264803647994995,370029.0,290612.0
914,14.279907703399658,370064.0,290563.0
915,14.295010805130005,369960.0,290529.0
916,14.310114860534668,369945.0,290488.0
917,14.325218677520752,369804.0,290442.0
918,14.340317964553833,369781.0,290333.0
919,14.35541582107544,369687.0,290392.0
920,14.370515823364258,369709.0,290296.0
921,14.38561487197876,369724.0,290328.0
922,14.400712966918945,369596.0,290273.0
923,14.415811777114868,369619.0,290270.0
924,14.430786848068237,369610.0,290259.0
925,14.445762634277344,369575.0,290317.0
926,14.460737705230713,369589.0,290193.0
927,14.475712776184082,369684.0,290264.0
928,14.490687847137451,369552.0,290257.0
929,14.505663871765137,369652.0,290241.0
930,14.523015975952148,369566.0,290252.0
931,14.540368795394897,369590.0,290238.0
932,14.557721853256226,369563.0,290244.0
933,14.575074672698975,369525.0,290216.0
934,14.592427730560303,369521.0,290202.0
935,14.609779834747314,369422.0,290169.0
936,14.624780654907227,369535.0,290220.0
937,14.639779806137085,369442.0,290212.0
938,14.65477991104126,369525.0,290207.0
939,14.669779777526855,369489.0,290212.0
940,14.684780836105347,369533.0,290229.0
941,14.699779748916626,369537.0,290229.0
942,14.715006828308105,369581.0,290244.0
943,14.730233669281006,369602.0,290217.0
944,14.745459794998169,369589.0,290252.0
945,14.760686874389648,369661.0,290244.0
946,14.775913953781128,369623.0,290286.0
947,14.791139841079712,369633.0,290258.0
948,14.805936813354492,369648.0,290253.0
949,14.820732831954956,369660.0,290281.0
950,14.83552885055542,369562.0,290308.0
951,14.850324869155884,369702.0,290325.0
952,14.865120649337769,369652.0,290349.0
953,14.879917860031128,369615.0,290355.0
954,14.897393941879272,369716.0,290349.0
955,14.914870738983154,369716.0,290387.0
956,14.932347774505615,369832.0,290408.0
957,14.949824810028076,369729.0,290406.0
958,14.967301845550537,369885.0,290413.0
959,14.984778881072998,369774.0,290438.0
960,14.999983787536621,369859.0,290445.0
961,15.01518964767456,369925.0,290527.0
962,15.030394792556763,369912.0,290526.0
963,15.045600652694702,369920.0,290490.0
964,15.060805797576904,369860.0,290490.0
965,15.076011657714844,369805.0,290408.0
966,15.090802907943726,369675.0,290361.0
967,15.10559368133545,369673.0,290257.0
968,15.120384693145752,369582.0,290261.0
969,15.135175943374634,369535.0,290243.0
970,15.149966716766357,369555.0,290200.0
971,15.164758682250977,369502.0,290207.0
972,15.179890871047974,369500.0,290154.0
973,15.195022821426392,369522.0,290113.0
974,15.210153818130493,369533.0,290148.0
975,15.225286722183228,369436.0,290086.0
976,15.240418672561646,369386.0,290039.0
977,15.255550861358643,369389.0,290058.0
978,15.27292275428772,369412.0,290069.0
979,15.290294647216797,369366.0,290060.0
980,15.307666778564453,369364.0,290019.0
981,15.32503867149353,369291.0,290079.0
982,15.342411041259766,369286.0,290096.0
983,15.35978388786316,369273.0,290034.0
984,15.37480092048645,369233.0,290038.0
985,15.389817714691162,369253.0,290009.0
986,15.40483570098877,369284.0,289998.0
987,15.41985273361206,369265.0,289986.0
988,15.43487000465393,369271.0,289992.0
989,15.449886798858643,369299.0,290001.0
990,15.465008735656738,369275.0,290022.0
991,15.48013186454773,369259.0,289978.0
992,15.495252847671509,369359.0,289986.0
993,15.510374784469604,369349.0,290015.0
994,15.525497674942017,369301.0,290045.0
995,15.540619611740112,369329.0,290060.0
996,15.555692672729492,369361.0,290071.0
997,15.570765733718872,369314.0,290048.0
998,15.585838794708252,369374.0,290059.0
999,15.600911855697632,369386.0,290086.0
1000,15.615984916687012,369347.0,290087.0
1001,15.631058931350708,369437.0,290124.0
1002,15.648262739181519,369446.0,290138.0
1003,15.665467739105225,369497.0,290145.0
1004,15.68267273902893,369476.0,290173.0
1005,15.699877738952637,369547.0,290187.0
1006,15.717082738876343,369499.0,290178.0
1007,15.734286785125732,369572.0,290209.0
1008,15.749372959136963,369538.0,290212.0
1009,15.764457941055298,369599.0,290222.0
1010,15.77954363822937,369703.0,290235.0
1011,15.794628858566284,369651.0,290317.0
1012,15.809714794158936,369683.0,290320.0
1013,15.82480001449585,369632.0,290324.0
1014,15.840005874633789,369625.0,290290.0
1015,15.855211019515991,369583.0,290250.0
1016,15.87041687965393,369511.0,290179.0
1017,15.885622024536133,369432.0,290153.0
1018,15.900826692581177,369411.0,290075.0
1019,15.916031837463379,369362.0,290025.0
1020,15.930824995040894,369378.0,289968.0
1021,15.945618867874146,369307.0,289973.0
1022,15.960410833358765,369208.0,289920.0
1023,15.9752037525177,369259.0,289907.0
1024,15.989997863769531,369175.0,289880.0
1025,16.00478982925415,369146.0,289865.0
1026,16.022188663482666,369137.0,289774.0
1027,16.03958773612976,369080.0,289820.0
1028,16.056986808776855,369071.0,289802.0
1029,16.07438588142395,369104.0,289794.0
1030,16.091784954071045,369068.0,289806.0
1031,16.109182834625244,369011.0,289790.0
1032,16.124286890029907,369025.0,289768.0
1033,16.139389991760254,369038.0,289782.0
1034,16.15449285507202,369029.0,289758.0
1035,16.169596910476685,368990.0,289726.0
1036,16.184699773788452,369109.0,289768.0
1037,16.199803829193115,368950.0,289728.0
1038,16.214809894561768,369010.0,289716.0
1039,16.229816675186157,369033.0,289746.0
1040,16.24482274055481,368973.0,289751.0
1041,16.259829998016357,369027.0,289756.0
1042,16.274837017059326,368981.0,289742.0
1043,16.2898428440094,369001.0,289738.0
1044,16.30494475364685,368885.0,289745.0
1045,16.320047855377197,369064.0,289775.0
1046,16.335148811340332,368990.0,289762.0
1047,16.350250959396362,368994.0,289812.0
1048,16.36535382270813,369085.0,289842.0
1049,16.380454778671265,369089.0,289837.0
1050,16.397745847702026,369132.0,289881.0
1051,16.415035724639893,369145.0,289853.0
1052,16.432325839996338,369199.0,289887.0
1053,16.449615716934204,369207.0,289901.0
1054,16.46690583229065,369266.0,289900.0
1055,16.48419690132141,369196.0,289908.0
1056,16.499210834503174,369195.0,289942.0
1057,16.51422691345215,369319.0,289963.0
1058,16.52924084663391,369311.0,289970.0
1059,16.54425597190857,369354.0,290003.0
1060,16.55927085876465,369309.0,290006.0
1061,16.574285745620728,369350.0,290059.0
1062,16.58937382698059,369385.0,290104.0
1063,16.604461669921875,369412.0,290114.0
1064,16.619549989700317,369470.0,290112.0
1065,16.6346378326416,369370.0,290129.0
1066,16.649725914001465,369364.0,290084.0
1067,16.66481375694275,369398.0,290012.0
1068,16.68001890182495,369221.0,289919.0
1069,16.69522261619568,369180.0,289884.0
1070,16.71042776107788,369167.0,289821.0
1071,16.725631952285767,369110.0,289781.0
1072,16.74083685874939,369081.0,289785.0
1073,16.756040811538696,368996.0,289783.0
1074,16.77325177192688,369015.0,289711.0
1075,16.790461778640747,368957.0,289673.0
1076,16.807671785354614,368964.0,289677.0
1077,16.82488179206848,368929.0,289663.0
1078,16.84209179878235,368897.0,289672.0
1079,16.859301805496216,368905.0,289665.0
1080,16.874385833740234,368911.0,289669.0
1081,16.889468908309937,369016.0,289639.0
1082,16.90455174446106,368869.0,289672.0
1083,16.91963481903076,368949.0,289669.0
1084,16.93471884727478,368876.0,289687.0
1085,16.949801921844482,368902.0,289623.0
1086,16.96492290496826,368898.0,289613.0
1087,16.980043649673462,368839.0,289592.0
1088,16.995165824890137,368911.0,289585.0
1089,17.010286808013916,368839.0,289605.0
1090,17.025408029556274,368858.0,289644.0
1091,17.040528774261475,368792.0,289621.0
1092,17.0554256439209,368853.0,289645.0
1093,17.070321798324585,368906.0,289617.0
1094,17.085217714309692,368830.0,289642.0
1095,17.10011386871338,368892.0,289610.0
1096,17.115009784698486,368914.0,289618.0
1097,17.12990689277649,368976.0,289672.0
1098,17.14740777015686,369073.0,289671.0
1099,17.164909839630127,369013.0,289697.0
1100,17.182411670684814,369012.0,289705.0
1101,17.19991397857666,369076.0,289718.0
1102,17.217415809631348,369050.0,289764.0
1103,17.234917879104614,369068.0,289779.0
1104,17.24994683265686,369120.0,289771.0
1105,17.264976739883423,369095.0,289798.0
1106,17.280006885528564,369087.0,289832.0
1107,17.295036792755127,369097.0,289859.0
1108,17.31006693840027,369152.0,289866.0
1109,17.32509684562683,369099.0,289880.0
1110,17.339961767196655,369205.0,289917.0
1111,17.354827642440796,369250.0,289920.0
1112,17.369693994522095,369270.0,289971.0
1113,17.384559869766235,369321.0,290006.0
1114,17.399425745010376,369356.0,290027.0
1115,17.414291858673096,369258.0,290018.0
1116,17.429388761520386,369223.0,289944.0
1117,17.44448685646057,369228.0,289847.0
1118,17.459584712982178,369128.0,289824.0
1119,17.474681854248047,369052.0,289781.0
1120,17.489779949188232,369015.0,289725.0
1121,17.504876613616943,368940.0,289681.0
1122,17.522384881973267,368841.0,289657.0
1123,17.539891958236694,368910.0,289627.0
1124,17.557398796081543,368919.0,289616.0
1125,17.57490587234497,368780.0,289593.0
1126,17.5924129486084,368854.0,289617.0
1127,17.609920024871826,368818.0,289564.0
1128,17.624835729599,368867.0,289574.0
1129,17.639750719070435,368815.0,289551.0
1130,17.65466594696045,368904.0,289565.0
1131,17.669580698013306,368827.0,289599.0
1132,17.68449568748474,368838.0,289592.0
1133,17.699411869049072,368821.0,289596.0
1134,17.714496612548828,368793.0,289533.0
1135,17.72958278656006,368754.0,289585.0
1136,17.744667768478394,368808.0,289531.0
1137,17.759753942489624,368832.0,289540.0
1138,17.774839639663696,368788.0,289571.0
1139,17.789925813674927,368797.0,289571.0
1140,17.8050377368927,368777.0,289557.0
1141,17.820149898529053,368854.0,289599.0
1142,17.835261821746826,368843.0,289571.0
1143,17.850374937057495,368796.0,289622.0
1144,17.86548686027527,368844.0,289614.0
1145,17.880598783493042,368937.0,289605.0
1146,17.897783756256104,368911.0,289626.0
1147,17.914968729019165,368876.0,289638.0
1148,17.932154893875122,369017.0,289652.0
1149,17.949339866638184,368937.0,289694.0
1150,17.966524839401245,368982.0,289635.0
1151,17.98370885848999,369028.0,289717.0
1152,17.99889588356018,369028.0,289719.0
1153,18.014082670211792,369021.0,289701.0
1154,18.029269695281982,369069.0,289767.0
1155,18.044456958770752,369052.0,289791.0
1156,18.059643745422363,368988.0,289778.0
1157,18.074829816818237,369102.0,289792.0
1158,18.08993363380432,369093.0,289796.0
1159,18.105036735534668,369191.0,289853.0
1160,18.12014079093933,369196.0,289911.0
1161,18.135244607925415,369327.0,289937.0
1162,18.15034770965576,369255.0,289954.0
1163,18.165451049804688,369319.0,290007.0
1164,18.180256605148315,369316.0,290008.0
1165,18.1950626373291,369310.0,289953.0
1166,18.20986771583557,369163.0,289917.0
1167,18.224673748016357,369137.0,289860.0
1168,18.239479780197144,369087.0,289743.0
1169,18.254284620285034,369003.0,289719.0
1170,18.2717707157135,369025.0,289679.0
1171,18.28925585746765,368965.0,289634.0
1172,18.3067409992218,368852.0,289642.0
1173,18.324225664138794,368910.0,289592.0
1174,18.341710805892944,368830.0,289608.0
1175,18.35919690132141,368859.0,289570.0
1176,18.37429976463318,368850.0,289596.0
1177,18.389403820037842,368864.0,289555.0
1178,18.40450692176819,368842.0,289579.0
1179,18.419610738754272,368880.0,289531.0
1180,18.43471384048462,368827.0,289526.0
1181,18.449817895889282,368759.0,289551.0
1182,18.4647376537323,368784.0,289508.0
1183,18.479658842086792,368805.0,289531.0
1184,18.49457883834839,368763.0,289558.0
1185,18.509498834609985,368713.0,289522.0
1186,18.5244197845459,368756.0,289517.0
1187,18.539339780807495,368695.0,289495.0
1188,18.5544536113739,368776.0,289467.0
1189,18.569567918777466,368736.0,289520.0
1190,18.584680795669556,368758.0,289546.0
1191,18.59979486465454,368806.0,289524.0
1192,18.614908933639526,368746.0,289534.0
1193,18.630021810531616,368853.0,289569.0
1194,18.647502660751343,368875.0,289577.0
1195,18.664982795715332,368893.0,289611.0
1196,18.682463884353638,368893.0,289585.0
1197,18.699943780899048,368872.0,289638.0
1198,18.717423915863037,368884.0,289639.0
1199,18.734903812408447,368938.0,289643.0
1200,18.75010371208191,368853.0,289646.0
1201,18.765302658081055,368996.0,289666.0
1202,18.7805016040802,368975.0,289717.0
1203,18.795701026916504,368963.0,289736.0
1204,18.81089997291565,369044.0,289740.0
1205,18.82609987258911,369051.0,289747.0
1206,18.84089183807373,369102.0,289825.0
1207,18.855684757232666,369165.0,289784.0
1208,18.8704776763916,369211.0,289838.0
1209,18.885270595550537,369134.0,289840.0
1210,18.90006399154663,369205.0,289869.0
1211,18.914856910705566,369249.0,289852.0
1212,18.929959774017334,369295.0,289875.0
1213,18.945063829421997,369287.0,289954.0
1214,18.96016788482666,369300.0,289991.0
1215,18.975270748138428,369247.0,289978.0
1216,18.99037480354309,369166.0,289911.0
1217,19.005478858947754,369101.0,289874.0
1218,19.02278971672058,369086.0,289771.0
1219,19.040100812911987,369023.0,289724.0
1220,19.05741286277771,369011.0,289663.0
1221,19.074724674224854,368939.0,289645.0
1222,19.09203577041626,368960.0,289632.0
1223,19.109347820281982,368879.0,289602.0
1224,19.12444281578064,368923.0,289605.0
1225,19.139537811279297,368871.0,289588.0
1226,19.15463399887085,368944.0,289525.0
1227,19.169729709625244,368870.0,289531.0
1228,19.1848247051239,368835.0,289546.0
1229,19.199920892715454,368834.0,289528.0
1230,19.21500873565674,368836.0,289537.0
1231,19.230097770690918,368782.0,289552.0
1232,19.245186805725098,368832.0,289513.0
1233,19.260275840759277,368822.0,289574.0
1234,19.275364875793457,368791.0,289570.0
1235,19.290453672409058,368794.0,289562.0
1236,19.30556583404541,368769.0,289572.0
1237,19.32067894935608,368731.0,289563.0
1238,19.33579182624817,368832.0,289539.0
1239,19.350903749465942,368889.0,289565.0
1240,19.366016626358032,368822.0,289588.0
1241,19.381128787994385,368841.0,289580.0
1242,19.398252725601196,368861.0,289556.0
1243,19.415377855300903,368863.0,289596.0
1244,19.4325008392334,368888.0,289617.0
1245,19.44962477684021,368925.0,289642.0
1246,19.466749906539917,368868.0,289613.0
1247,19.48387360572815,368883.0,289639.0
1248,19.499140739440918,368979.0,289692.0
1249,19.514407873153687,369025.0,289693.0
1250,19.52967381477356,368868.0,289762.0
1251,19.544941663742065,368986.0,289738.0
1252,19.560208797454834,369085.0,289777.0
1253,19.575475931167603,369075.0,289773.0
1254,19.59065866470337,369120.0,289805.0
1255,19.605841875076294,369182.0,289768.0
1256,19.62102460861206,369109.0,289838.0
1257,19.636207818984985,369219.0,289848.0
1258,19.65139079093933,369163.0,289891.0
1259,19.666573762893677,369229.0,289912.0
1260,19.68138861656189,369262.0,289898.0
1261,19.696202993392944,369307.0,289921.0
1262,19.71101689338684,369313.0,289961.0
1263,19.725830793380737,369330.0,289977.0
1264,19.740644693374634,369422.0,290013.0
1265,19.75545883178711,369386.0,290030.0
1266,19.77283787727356,369382.0,290049.0
1267,19.79021692276001,369356.0,289950.0
1268,19.80759572982788,369257.0,289914.0
1269,19.82497477531433,369203.0,289825.0
1270,19.84235382080078,369136.0,289799.0
1271,19.85973286628723,369156.0,289784.0
1272,19.874847888946533,369058.0,289718.0
1273,19.889963626861572,369149.0,289736.0
1274,19.90507984161377,369043.0,289735.0
1275,19.920194625854492,369025.0,289714.0
1276,19.93531084060669,369009.0,289710.0
1277,19.950426816940308,369002.0,289698.0
1278,19.965431690216064,368899.0,289580.0
1279,19.9804368019104,368937.0,289627.0
1280,19.995442867279053,368939.0,289651.0
1281,20.01044774055481,368889.0,289663.0
1282,20.025452613830566,368902.0,289613.0
1283,20.040458917617798,368916.0,289631.0
1284,20.055423974990845,368940.0,289605.0
1285,20.070387840270996,368910.0,289659.0
1286,20.08535385131836,368958.0,289651.0
1287,20.100318908691406,368903.0,289655.0
1288,20.115282773971558,368946.0,289649.0
1289,20.130247831344604,368982.0,289635.0
1290,20.145455837249756,368922.0,289652.0
1291,20.160663843154907,368956.0,289662.0
1292,20.175870895385742,368910.0,289631.0
1293,20.191077709197998,368960.0,289643.0
1294,20.20628571510315,368883.0,289636.0
1295,20.221493005752563,368993.0,289664.0
1296,20.238751888275146,368957.0,289689.0
1297,20.256009817123413,368997.0,289717.0
1298,20.27326798439026,369039.0,289730.0
1299,20.290525913238525,369070.0,289748.0
1300,20.307783842086792,369066.0,289770.0
1301,20.32504177093506,369060.0,289816.0
1302,20.340080738067627,369173.0,289863.0
1303,20.35511875152588,369151.0,289821.0
1304,20.37015676498413,369203.0,289839.0
1305,20.3851957321167,369229.0,289884.0
1306,20.40023398399353,369176.0,289893.0
1307,20.415271759033203,369256.0,289904.0
1308,20.43053960800171,369225.0,289911.0
1309,20.445806741714478,369271.0,289943.0
1310,20.461073875427246,369312.0,289946.0
1311,20.47634196281433,369308.0,289984.0
1312,20.49160885810852,369305.0,289995.0
1313,20.50687575340271,369387.0,290006.0
1314,20.523858785629272,369480.0,290049.0
1315,20.540841817855835,369448.0,290053.0
1316,20.55782461166382,369410.0,290067.0
1317,20.574806690216064,369423.0,289997.0
1318,20.591789722442627,369354.0,289980.0
1319,20.608771800994873,369237.0,289897.0
1320,20.623957633972168,369251.0,289857.0
1321,20.639142751693726,369215.0,289853.0
1322,20.6543288230896,369196.0,289802.0
1323,20.669514894485474,369114.0,289783.0
1324,20.684699773788452,369081.0,289807.0
1325,20.699885845184326,368997.0,289791.0
1326,20.714985847473145,369082.0,289729.0
1327,20.73008680343628,369032.0,289770.0
1328,20.74518871307373,369013.0,289710.0
1329,20.760289669036865,369046.0,289731.0
1330,20.77539086341858,369083.0,289736.0
1331,20.790491819381714,369087.0,289772.0
1332,20.805392742156982,369020.0,289722.0
1333,20.820294857025146,369165.0,289750.0
1334,20.835195779800415,369049.0,289740.0
1335,20.85009789466858,369055.0,289722.0
1336,20.864999771118164,369048.0,289735.0
1337,20.879901885986328,369047.0,289750.0
1338,20.89740490913391,369023.0,289741.0
1339,20.914907932281494,369073.0,289752.0
1340,20.932410717010498,369069.0,289753.0
1341,20.94991374015808,368912.0,289733.0
1342,20.967416763305664,369028.0,289739.0
1343,20.984919786453247,369022.0,289775.0
1344,20.999913930892944,369123.0,289803.0
1345,21.014907836914062,369051.0,289808.0
1346,21.029900789260864,369109.0,289823.0
1347,21.04489493370056,369127.0,289849.0
1348,21.05988883972168,369100.0,289835.0
1349,21.07488179206848,369187.0,289873.0
1350,21.089792728424072,369173.0,289893.0
1351,21.104702949523926,369287.0,289862.0
1352,21.119613885879517,369218.0,289950.0
1353,21.13452386856079,369258.0,289986.0
1354,21.149433851242065,369298.0,289941.0
1355,21.16434383392334,369302.0,290007.0
1356,21.17943286895752,369346.0,290018.0
1357,21.194519758224487,369309.0,290050.0
1358,21.20960783958435,369410.0,290034.0
1359,21.22469687461853,369352.0,290057.0
1360,21.239783763885498,369448.0,290054.0
1361,21.25487184524536,369480.0,290160.0
1362,21.269973754882812,369537.0,290150.0
1363,21.285075902938843,369536.0,290119.0
1364,21.300176858901978,369681.0,290205.0
1365,21.315277814865112,369630.0,290268.0
1366,21.330379724502563,369602.0,290230.0
1367,21.345481872558594,369487.0,290169.0
1368,21.36279296875,369491.0,290132.0
1369,21.380103826522827,369430.0,290064.0
1370,21.39741587638855,369375.0,290018.0
1371,21.414727926254272,369343.0,289997.0
1372,21.4320387840271,369231.0,289960.0
1373,21.449350833892822,369255.0,289954.0
1374,21.464443922042847,369224.0,289892.0
1375,21.479536771774292,369146.0,289878.0
1376,21.494630813598633,369180.0,289885.0
1377,21.509723901748657,369116.0,289891.0
1378,21.524816751480103,369166.0,289829.0
1379,21.539909839630127,369178.0,289838.0
1380,21.55500864982605,369177.0,289869.0
1381,21.570106744766235,369152.0,289863.0
1382,21.58520483970642,369184.0,289831.0
1383,21.600302696228027,369196.0,289863.0
1384,21.615400791168213,369135.0,289822.0
1385,21.630499839782715,369175.0,289827.0
1386,21.64771270751953,369144.0,289872.0
1387,21.664925813674927,369120.0,289852.0
1388,21.682138919830322,369060.0,289846.0
1389,21.69935178756714,369120.0,289865.0
1390,21.716564893722534,369134.0,289858.0
1391,21.73377776145935,369155.0,289838.0
1392,21.748957872390747,369159.0,289864.0
1393,21.764136791229248,369141.0,289881.0
1394,21.779316902160645,369162.0,289866.0
1395,21.794495820999146,369195.0,289938.0
1396,21.809675693511963,369228.0,289895.0
1397,21.824854612350464,369228.0,289925.0
1398,21.839969635009766,369338.0,289956.0
1399,21.855082988739014,369258.0,289967.0
1400,21.87019681930542,369276.0,289975.0
1401,21.88531184196472,369287.0,289981.0
1402,21.90042495727539,369280.0,290018.0
1403,21.915538787841797,369273.0,290004.0
1404,21.93043279647827,369398.0,290043.0
1405,21.94532585144043,369429.0,290093.0
1406,21.960218906402588,369362.0,290093.0
1407,21.975111961364746,369494.0,290124.0
1408,21.990005016326904,369498.0,290120.0
1409,22.004897832870483,369500.0,290168.0
1410,22.02234172821045,369538.0,290154.0
1411,22.039785861968994,369613.0,290178.0
1412,22.05722975730896,369589.0,290235.0
1413,22.074673891067505,369601.0,290232.0
1414,22.09211778640747,369724.0,290333.0
1415,22.109561681747437,369729.0,290356.0
1416,22.124615907669067,369720.0,290343.0
1417,22.13966965675354,369784.0,290341.0
1418,22.15472388267517,369724.0,290356.0
1419,22.169777870178223,369525.0,290250.0
1420,22.184831857681274,369520.0,290202.0
1421,22.199885845184326,369508.0,290176.0
1422,22.21479558944702,369443.0,290102.0
1423,22.229705810546875,369470.0,290118.0
1424,22.24461579322815,369435.0,290080.0
1425,22.259525775909424,369435.0,290112.0
1426,22.2744357585907,369371.0,290104.0
1427,22.289344787597656,369402.0,290032.0
1428,22.304431915283203,369286.0,290021.0
1429,22.319517850875854,369376.0,290048.0
1430,22.334603786468506,369359.0,290060.0
1431,22.349690914154053,369378.0,290035.0
1432,22.364776849746704,369378.0,290063.0
1433,22.379862785339355,369347.0,290057.0
1434,22.394970893859863,369396.0,290067.0
1435,22.410077810287476,369309.0,290059.0
1436,22.425184726715088,369352.0,290051.0
1437,22.44029188156128,369267.0,290079.0
1438,22.45539879798889,369304.0,290061.0
1439,22.4705069065094,369360.0,290022.0
1440,22.488109827041626,369275.0,290042.0
1441,22.505713939666748,369324.0,290006.0
1442,22.52331805229187,369399.0,290031.0
1443,22.540920734405518,369397.0,290065.0
1444,22.55852484703064,369343.0,290058.0
1445,22.576128005981445,369391.0,290082.0
1446,22.590921878814697,369402.0,290085.0
1447,22.60571599006653,369439.0,290087.0
1448,22.62050986289978,369449.0,290106.0
1449,22.635302782058716,369474.0,290139.0
1450,22.650096893310547,369383.0,290146.0
1451,22.664889812469482,369463.0,290147.0
1452,22.67999792098999,369482.0,290155.0
1453,22.69510579109192,369530.0,290178.0
1454,22.710213899612427,369522.0,290230.0
1455,22.725322008132935,369533.0,290239.0
1456,22.740429639816284,369660.0,290265.0
1457,22.755536794662476,369609.0,290244.0
1458,22.77283477783203,369721.0,290306.0
1459,22.79013180732727,369664.0,290317.0
1460,22.80742883682251,369704.0,290314.0
1461,22.824726819992065,369704.0,290365.0
1462,22.842023849487305,369722.0,290361.0
1463,22.85932183265686,369750.0,290390.0
1464,22.874419927597046,369744.0,290395.0
1465,22.889516830444336,369772.0,290447.0
1466,22.904615879058838,369741.0,290433.0
1467,22.919713735580444,369826.0,290529.0
1468,22.93481183052063,369873.0,290544.0
1469,22.949909687042236,369834.0,290498.0
1470,22.965032815933228,369732.0,290451.0
1471,22.980154752731323,369742.0,290361.0
1472,22.995277643203735,369667.0,290341.0
1473,23.010400772094727,369637.0,290314.0
1474,23.025523900985718,369647.0,290287.0
1475,23.040645837783813,369628.0,290233.0
1476,23.055724620819092,369629.0,290270.0
1477,23.070804834365845,369545.0,290228.0
1478,23.085883855819702,369578.0,290230.0
1479,23.10096263885498,369528.0,290206.0
1480,23.116041898727417,369546.0,290185.0
1481,23.131120920181274,369612.0,290186.0
1482,23.14823579788208,369514.0,290198.0
1483,23.16535186767578,369542.0,290229.0
1484,23.182466745376587,369421.0,290238.0
1485,23.199582815170288,369545.0,290204.0
1486,23.21669888496399,369539.0,290231.0
1487,23.233813762664795,369482.0,290217.0
1488,23.248987913131714,369504.0,290211.0
1489,23.264161825180054,369575.0,290194.0
1490,23.279334783554077,369492.0,290196.0
1491,23.294508695602417,369546.0,290168.0
1492,23.309682846069336,369571.0,290177.0
1493,23.32485580444336,369532.0,290204.0
1494,23.340088844299316,369549.0,290193.0
1495,23.355321884155273,369505.0,290224.0
1496,23.370553731918335,369549.0,290254.0
1497,23.385786771774292,369475.0,290257.0
1498,23.40101981163025,369513.0,290221.0
1499,23.416252851486206,369578.0,290281.0
1500,23.43103003501892,369543.0,290268.0
1501,23.445806741714478,369590.0,290317.0
1502,23.460583925247192,369627.0,290302.0
1503,23.47536063194275,369673.0,290305.0
1504,23.490137815475464,369696.0,290359.0
1505,23.5049147605896,369730.0,290355.0
1506,23.520036697387695,369727.0,290364.0
1507,23.535157918930054,369727.0,290356.0
1508,23.55027985572815,369755.0,290379.0
1509,23.56540083885193,369791.0,290396.0
1510,23.580523014068604,369761.0,290393.0
1511,23.595643758773804,369750.0,290400.0
1512,23.61304783821106,369831.0,290400.0
1513,23.630450963974,369747.0,290413.0
1514,23.647854804992676,369881.0,290425.0
1515,23.66525888442993,369824.0,290447.0
1516,23.682661771774292,369894.0,290424.0
1517,23.70006561279297,369903.0,290467.0
1518,23.715039014816284,369883.0,290467.0
1519,23.73001194000244,369870.0,290442.0
1520,23.7449848651886,369829.0,290377.0
1521,23.759957790374756,369770.0,290295.0
1522,23.774930953979492,369692.0,290194.0
1523,23.789904832839966,369672.0,290162.0
1524,23.804939031600952,369553.0,290087.0
1525,23.819973707199097,369497.0,290055.0
1526,23.83500862121582,369450.0,290012.0
1527,23.850043773651123,369392.0,289956.0
1528,23.865078687667847,369402.0,289980.0
1529,23.88011384010315,369364.0,289904.0
1530,23.895286798477173,369333.0,289933.0
1531,23.910459756851196,369223.0,289933.0
1532,23.92563271522522,369216.0,289898.0
1533,23.94080686569214,369267.0,289855.0
1534,23.955979585647583,369284.0,289859.0
1535,23.971152782440186,369299.0,289896.0
1536,23.988361835479736,369403.0,289871.0
1537,24.005570650100708,369278.0,289924.0
1538,24.022778749465942,369332.0,289889.0
1539,24.039987802505493,369313.0,289918.0
1540,24.057196617126465,369274.0,289901.0
1541,24.074405908584595,369281.0,289948.0
1542,24.089510917663574,369294.0,289947.0
1543,24.104615926742554,369358.0,289990.0
1544,24.119719743728638,369256.0,289991.0
1545,24.134824991226196,369337.0,290001.0
1546,24.149930000305176,369365.0,290020.0
1547,24.165035009384155,369316.0,289990.0
1548,24.180126905441284,369418.0,290001.0
1549,24.195217847824097,369404.0,290013.0
1550,24.21030879020691,369422.0,290039.0
1551,24.225400686264038,369477.0,290074.0
1552,24.24049162864685,369510.0,290088.0
1553,24.255582809448242,369508.0,290117.0
1554,24.272794723510742,369573.0,290132.0
1555,24.290006637573242,369568.0,290141.0
1556,24.307217836380005,369592.0,290242.0
1557,24.324429750442505,369638.0,290204.0
1558,24.341641902923584,369671.0,290246.0
1559,24.358853816986084,369681.0,290289.0
1560,24.374027729034424,369748.0,290308.0
1561,24.38920283317566,369721.0,290284.0
1562,24.404377698898315,369641.0,290352.0
1563,24.41955280303955,369746.0,290355.0
1564,24.434727907180786,369804.0,290351.0
1565,24.449901819229126,369854.0,290393.0
1566,24.465015649795532,369909.0,290442.0
1567,24.4801287651062,369950.0,290467.0
1568,24.495242834091187,369956.0,290567.0
1569,24.510355949401855,370004.0,290589.0
1570,24.525468826293945,370077.0,290603.0
1571,24.54058289527893,369996.0,290623.0
1572,24.55547070503235,369930.0,290570.0
1573,24.570358753204346,369908.0,290513.0
1574,24.585246801376343,369889.0,290440.0
1575,24.60013484954834,369720.0,290416.0
1576,24.615023851394653,369770.0,290390.0
1577,24.62991166114807,369812.0,290359.0
1578,24.647313833236694,369764.0,290339.0
1579,24.66471576690674,369730.0,290304.0
1580,24.682117700576782,369669.0,290320.0
1581,24.699519872665405,369761.0,290321.0
1582,24.71692180633545,369691.0,290249.0
1583,24.73432493209839,369720.0,290328.0
1584,24.749449968338013,369685.0,290325.0
1585,24.764575004577637,369719.0,290289.0
1586,24.77969980239868,369684.0,290329.0
1587,24.794824838638306,369676.0,290344.0
1588,24.80994987487793,369711.0,290329.0
1589,24.82507586479187,369637.0,290317.0
1590,24.839993715286255,369656.0,290322.0
1591,24.854912757873535,369586.0,290313.0
1592,24.869831800460815,369663.0,290354.0
1593,24.884750843048096,369657.0,290312.0
1594,24.899669647216797,369635.0,290290.0
1595,24.914588928222656,369663.0,290343.0
1596,24.929675817489624,369681.0,290346.0
1597,24.944764852523804,369736.0,290319.0
1598,24.959852695465088,369712.0,290356.0
1599,24.974939823150635,369801.0,290332.0
1600,24.99002766609192,369691.0,290373.0
1601,25.005115747451782,369783.0,290393.0
1602,25.02021884918213,369725.0,290410.0
1603,25.03532075881958,369759.0,290420.0
1604,25.050423622131348,369822.0,290442.0
1605,25.065526008605957,369781.0,290498.0
1606,25.080628871917725,369809.0,290445.0
1607,25.095730781555176,369864.0,290500.0
1608,25.113034963607788,369890.0,290490.0
1609,25.130337715148926,369815.0,290509.0
1610,25.147641897201538,369883.0,290549.0
1611,25.164944887161255,369945.0,290557.0
1612,25.18224787712097,369990.0,290632.0
1613,25.199551820755005,370028.0,290669.0
1614,25.214635610580444,370084.0,290684.0
1615,25.22972083091736,370077.0,290721.0
1616,25.244805812835693,370117.0,290694.0
1617,25.25989079475403,370223.0,290753.0
1618,25.274976015090942,370186.0,290753.0
1619,25.290059804916382,370302.0,290789.0
1620,25.305169820785522,370319.0,290879.0
1621,25.320279836654663,370340.0,290893.0
1622,25.335389852523804,370288.0,290961.0
1623,25.350499868392944,370328.0,290956.0
1624,25.365609884262085,370345.0,290970.0
1625,25.380719900131226,370150.0,290904.0
1626,25.397934675216675,370193.0,290858.0
1627,25.4151508808136,370171.0,290837.0
1628,25.432365655899048,370124.0,290826.0
1629,25.44958186149597,370192.0,290852.0
1630,25.46679663658142,370192.0,290837.0
1631,25.484012842178345,370179.0,290860.0
1632,25.499316930770874,370192.0,290858.0
1633,25.51462197303772,370169.0,290919.0
1634,25.52992582321167,370149.0,290861.0
1635,25.545230865478516,370148.0,290858.0
1636,25.560535669326782,370200.0,290857.0
1637,25.57583999633789,370196.0,290940.0
1638,25.59087371826172,370218.0,290922.0
1639,25.60590696334839,370230.0,290955.0
1640,25.620940685272217,370154.0,290977.0
1641,25.635973930358887,370226.0,290959.0
1642,25.651006937026978,370137.0,290978.0
1643,25.666040658950806,370218.0,290987.0
1644,25.680864810943604,370206.0,290954.0
1645,25.695689916610718,370239.0,290955.0
1646,25.710514783859253,370274.0,290992.0
1647,25.725339889526367,370210.0,290949.0
1648,25.740164756774902,370249.0,290940.0
1649,25.754989862442017,370247.0,290995.0
1650,25.77242684364319,370220.0,290963.0
1651,25.78986382484436,370229.0,291018.0
1652,25.807299852371216,370282.0,291005.0
1653,25.82473659515381,370258.0,291060.0
1654,25.84217381477356,370303.0,291018.0
1655,25.85961079597473,370305.0,291069.0
1656,25.874743700027466,370268.0,290997.0
1657,25.889875888824463,370401.0,291031.0
1658,25.90500783920288,370381.0,291056.0
1659,25.9201397895813,370434.0,291099.0
1660,25.935271978378296,370355.0,291060.0
1661,25.95040488243103,370487.0,291066.0
1662,25.965426921844482,370441.0,291100.0
1663,25.980449676513672,370464.0,291142.0
1664,25.995471715927124,370489.0,291137.0
1665,26.010493993759155,370470.0,291179.0
1666,26.025516748428345,370514.0,291175.0
1667,26.040538787841797,370517.0,291194.0
1668,26.055516958236694,370539.0,291191.0
1669,26.070494890213013,370475.0,291185.0
1670,26.085472583770752,370595.0,291241.0
1671,26.10045075416565,370640.0,291243.0
1672,26.115428686141968,370608.0,291282.0
1673,26.130406856536865,370650.0,291271.0
1674,26.145506858825684,370595.0,291235.0
1675,26.160606861114502,370509.0,291207.0
1676,26.17570686340332,370419.0,291081.0
1677,26.19080662727356,370463.0,291071.0
1678,26.205906867980957,370353.0,291025.0
1679,26.221006870269775,370371.0,290946.0
1680,26.238587856292725,370317.0,290941.0
1681,26.25616979598999,370288.0,290924.0
1682,26.273751735687256,370257.0,290878.0
1683,26.2913339138031,370237.0,290859.0
1684,26.308915853500366,370154.0,290894.0
1685,26.326496601104736,370117.0,290877.0
1686,26.34131360054016,370199.0,290859.0
1687,26.356130838394165,370088.0,290853.0
1688,26.37094783782959,370175.0,290822.0
1689,26.385764837265015,370163.0,290819.0
1690,26.40058183670044,370094.0,290870.0
1691,26.415398836135864,370115.0,290825.0
1692,26.430492877960205,370214.0,290841.0
1693,26.445586919784546,370138.0,290768.0
1694,26.460680961608887,370054.0,290760.0
1695,26.475775003433228,370155.0,290786.0
1696,26.49086880683899,370122.0,290808.0
1697,26.50596284866333,370062.0,290780.0
1698,26.52107882499695,370064.0,290768.0
1699,26.53619360923767,370062.0,290816.0
1700,26.551308631896973,370010.0,290801.0
1701,26.566423654556274,370123.0,290790.0
1702,26.581538677215576,370097.0,290782.0
1703,26.596654891967773,370055.0,290790.0
1704,26.61398458480835,370151.0,290820.0
1705,26.63131594657898,370097.0,290805.0
1706,26.64864683151245,370205.0,290827.0
1707,26.665977716445923,370175.0,290865.0
1708,26.683308839797974,370287.0,290861.0
1709,26.700639009475708,370213.0,290898.0
1710,26.715524673461914,370248.0,290886.0
1711,26.730411052703857,370301.0,290914.0
1712,26.745295763015747,370327.0,290979.0
1713,26.760180950164795,370331.0,290968.0
1714,26.77506685256958,370308.0,290989.0
1715,26.789952039718628,370402.0,291006.0
1716,26.805156707763672,370323.0,291019.0
1717,26.820360898971558,370423.0,291100.0
1718,26.835564613342285,370432.0,291138.0
1719,26.850769758224487,370508.0,291139.0
1720,26.865973949432373,370510.0,291182.0
1721,26.881178855895996,370499.0,291161.0
1722,26.898295640945435,370496.0,291180.0
1723,26.91541290283203,370432.0,291071.0
1724,26.93252992630005,370420.0,291062.0
1725,26.949646711349487,370313.0,290958.0
1726,26.966763734817505,370289.0,290881.0
1727,26.9838809967041,370226.0,290857.0
1728,26.999061584472656,370135.0,290835.0
1729,27.014241695404053,370173.0,290787.0
1730,27.02942180633545,370086.0,290813.0
1731,27.044601678848267,370040.0,290751.0
1732,27.059781789779663,370062.0,290714.0
1733,27.074962854385376,370047.0,290699.0
1734,27.09006690979004,369865.0,290681.0
1735,27.10517191886902,369987.0,290663.0
1736,27.120276927947998,369959.0,290653.0
1737,27.1353816986084,369978.0,290655.0
1738,27.150486707687378,369978.0,290659.0
1739,27.16559076309204,370057.0,290693.0
1740,27.180487871170044,369981.0,290660.0
1741,27.195382595062256,369949.0,290623.0
1742,27.210278749465942,369972.0,290649.0
1743,27.225175619125366,369915.0,290611.0
1744,27.240071773529053,369930.0,290576.0
1745,27.25496768951416,369886.0,290586.0
1746,27.270070791244507,369895.0,290599.0
1747,27.285173892974854,369797.0,290624.0
1748,27.3002769947052,369925.0,290567.0
1749,27.315379858016968,369876.0,290593.0
1750,27.330482959747314,369806.0,290591.0
1751,27.345585823059082,369909.0,290587.0
1752,27.362977743148804,369936.0,290589.0
1753,27.38037085533142,369904.0,290575.0
1754,27.397761821746826,369933.0,290636.0
1755,27.415153741836548,370016.0,290628.0
1756,27.432546854019165,369953.0,290628.0
1757,27.44993782043457,369984.0,290657.0
1758,27.464943885803223,369950.0,290661.0
1759,27.47994875907898,369987.0,290637.0
1760,27.494954824447632,370065.0,290617.0
1761,27.509959936141968,370030.0,290654.0
1762,27.524964809417725,370065.0,290651.0
1763,27.539970636367798,369950.0,290685.0
1764,27.55496883392334,370023.0,290682.0
1765,27.569966793060303,370072.0,290706.0
1766,27.584964752197266,370055.0,290720.0
1767,27.59996271133423,370145.0,290753.0
1768,27.61496090888977,370194.0,290791.0
1769,27.62995982170105,370247.0,290776.0
1770,27.64520764350891,370172.0,290767.0
1771,27.660456895828247,370098.0,290710.0
1772,27.67570471763611,370017.0,290628.0
1773,27.69095277786255,369954.0,290603.0
1774,27.706201791763306,369888.0,290529.0
1775,27.721449851989746,369793.0,290447.0
1776,27.738709688186646,369801.0,290440.0
1777,27.755968809127808,369781.0,290379.0
1778,27.773228645324707,369679.0,290368.0
1779,27.790488719940186,369720.0,290317.0
1780,27.807747840881348,369672.0,290314.0
1781,27.825007915496826,369569.0,290291.0
1782,27.8400399684906,369606.0,290263.0
1783,27.855072021484375,369541.0,290237.0
1784,27.870104789733887,369558.0,290240.0
1785,27.88513684272766,369578.0,290221.0
1786,27.900168895721436,369649.0,290248.0
1787,27.915201663970947,369533.0,290238.0
1788,27.930325031280518,369529.0,290213.0
1789,27.94544792175293,369624.0,290218.0
1790,27.960571765899658,369549.0,290225.0
1791,27.97569465637207,369557.0,290185.0
1792,27.99081778526306,369495.0,290190.0
1793,28.00594186782837,369508.0,290156.0
1794,28.02078080177307,369343.0,290155.0
1795,28.035619735717773,369454.0,290139.0
1796,28.050458908081055,369507.0,290161.0
1797,28.065297842025757,369508.0,290138.0
1798,28.08013677597046,369510.0,290155.0
1799,28.094976663589478,369452.0,290157.0
1800,28.11247491836548,369467.0,290153.0
1801,28.129973888397217,369473.0,290158.0
1802,28.147472858428955,369584.0,290192.0
1803,28.164971590042114,369527.0,290169.0
1804,28.18247079849243,369569.0,290137.0
1805,28.199968576431274,369553.0,290220.0
1806,28.215076684951782,369612.0,290197.0
1807,28.23018479347229,369575.0,290242.0
1808,28.24529266357422,369590.0,290263.0
1809,28.260400772094727,369603.0,290264.0
1810,28.275508880615234,369535.0,290264.0
1811,28.290615797042847,369587.0,290303.0
1812,28.305506706237793,369604.0,290256.0
1813,28.32039785385132,369660.0,290307.0
1814,28.33528780937195,369711.0,290357.0
1815,28.350178718566895,369667.0,290322.0
1816,28.36506986618042,369766.0,290359.0
1817,28.37995982170105,369819.0,290385.0
1818,28.39737582206726,369782.0,290416.0
1819,28.41479182243347,369814.0,290440.0
1820,28.432207822799683,369817.0,290393.0
1821,28.449622631072998,369717.0,290304.0
1822,28.467038869857788,369585.0,290204.0
1823,28.484454870224,369522.0,290118.0
1824,28.499544858932495,369427.0,289994.0
1825,28.514635801315308,369412.0,289889.0
1826,28.5297269821167,369276.0,289813.0
1827,28.54481792449951,369212.0,289733.0
1828,28.559908866882324,369106.0,289711.0
1829,28.57499861717224,369216.0,289651.0
1830,28.589920043945312,369130.0,289588.0
1831,28.604840993881226,369082.0,289620.0
1832,28.61976194381714,369075.0,289606.0
1833,28.63468289375305,369131.0,289565.0
1834,28.649603843688965,369043.0,289503.0
1835,28.664523601531982,369008.0,289560.0
1836,28.679624795913696,369057.0,289533.0
1837,28.694724798202515,369067.0,289579.0
1838,28.709824800491333,369043.0,289574.0
1839,28.724925994873047,369018.0,289576.0
1840,28.740025758743286,368988.0,289590.0
1841,28.755125999450684,368915.0,289570.0
1842,28.770230770111084,369024.0,289571.0
1843,28.785334825515747,368982.0,289607.0
1844,28.80043864250183,368956.0,289611.0
1845,28.815542697906494,368998.0,289607.0
1846,28.830646753311157,368980.0,289661.0
1847,28.84575080871582,369055.0,289630.0
1848,28.86305570602417,369057.0,289673.0
1849,28.8803608417511,369118.0,289677.0
1850,28.897664785385132,369067.0,289662.0
1851,28.914968729019165,369194.0,289699.0
1852,28.932273864746094,369166.0,289718.0
1853,28.949577808380127,369160.0,289741.0
1854,28.964655876159668,369224.0,289752.0
1855,28.97973370552063,369258.0,289776.0
1856,28.99481177330017,369198.0,289796.0
1857,29.009889602661133,369284.0,289867.0
1858,29.024967908859253,369324.0,289865.0
1859,29.0400447845459,369260.0,289858.0
1860,29.055135011672974,369362.0,289894.0
1861,29.070223808288574,369385.0,289961.0
1862,29.085312604904175,369387.0,289985.0
1863,29.10040283203125,369443.0,290011.0
1864,29.11549186706543,369534.0,290044.0
1865,29.130581617355347,369504.0,290040.0
1866,29.147807836532593,369527.0,290054.0
1867,29.16503381729126,369612.0,290099.0
1868,29.18225884437561,369620.0,290111.0
1869,29.199484825134277,369698.0,290204.0
1870,29.216710805892944,369726.0,290228.0
1871,29.23393678665161,369716.0,290240.0
1872,29.24912691116333,369619.0,290165.0
1873,29.26431679725647,369615.0,290135.0
1874,29.27950692176819,369589.0,290118.0
1875,29.29469585418701,369431.0,290035.0
1876,29.30988597869873,369521.0,289981.0
1877,29.32507586479187,369465.0,289990.0
1878,29.340219736099243,369495.0,290003.0
1879,29.355363845825195,369469.0,289980.0
1880,29.370508670806885,369515.0,289962.0
1881,29.385653018951416,369505.0,289925.0
1882,29.40079689025879,369426.0,289913.0
1883,29.415940761566162,369400.0,289930.0
1884,29.430702686309814,369412.0,289923.0
1885,29.445464849472046,369459.0,289925.0
1886,29.460225820541382,369411.0,289951.0
1887,29.474987745285034,369422.0,289947.0
1888,29.489749670028687,369379.0,289961.0
1889,29.504511833190918,369438.0,289937.0
1890,29.52200984954834,369326.0,289925.0
1891,29.539508819580078,369375.0,289919.0
1892,29.557007789611816,369388.0,289948.0
1893,29.574506998062134,369365.0,289962.0
1894,29.592005729675293,369393.0,289980.0
1895,29.609503984451294,369405.0,289961.0
1896,29.624608039855957,369410.0,289969.0
1897,29.63971185684204,369430.0,289972.0
1898,29.654815912246704,369506.0,289949.0
1899,29.66991901397705,369481.0,290042.0
1900,29.685022830963135,369511.0,290001.0
1901,29.700126886367798,369531.0,290007.0
1902,29.715035915374756,369533.0,290034.0
1903,29.729944705963135,369541.0,290084.0
1904,29.744853734970093,369601.0,290091.0
1905,29.75976276397705,369612.0,290126.0
1906,29.77467179298401,369528.0,290143.0
1907,29.789580821990967,369710.0,290147.0
1908,29.804645776748657,369711.0,290181.0
1909,29.819710969924927,369712.0,290215.0
1910,29.834775686264038,369709.0,290247.0
1911,29.849841833114624,369792.0,290262.0
1912,29.864905834197998,369792.0,290300.0
1913,29.87997078895569,369803.0,290308.0
1914,29.89508366584778,369865.0,290272.0
1915,29.91019582748413,369848.0,290346.0
1916,29.9253089427948,369867.0,290367.0
1917,29.940420866012573,369968.0,290344.0
1918,29.955532789230347,369944.0,290404.0
1919,29.970645666122437,369937.0,290428.0
1920,29.98824381828308,370026.0,290489.0
